"n" "Min_V" "d1" "d2" "d3" "d4" "d5" "d6" "d7" "d8" "d9" "d10" "d11"
512 0 0 0 0 0 0 0 0 0 512 0 0
513 0.00388343611899578 0 0 0 0 0 0 0 0 511 2 0
514 0.00772154006873685 0 0 0 0 0 0 0 0 510 4 0
515 0.0115147516259779 0 0 0 0 0 0 0 0 509 6 0
516 0.0152635057989304 0 0 0 0 0 0 0 0 508 8 0
517 0.0189682328865011 0 0 0 0 0 0 0 0 507 10 0
518 0.0226293585366944 0 0 0 0 0 0 0 0 506 12 0
519 0.0262473038041884 0 0 0 0 0 0 0 0 505 14 0
520 0.0298224852071006 0 0 0 0 0 0 0 0 504 16 0
521 0.0333553147829547 0 0 0 0 0 0 0 0 503 18 0
522 0.0368462001438617 0 0 0 0 0 0 0 0 502 20 0
523 0.0402955445309272 0 0 0 0 0 0 0 0 501 22 0
524 0.0437037468678981 0 0 0 0 0 0 0 0 500 24 0
525 0.047071201814059 0 0 0 0 0 0 0 0 499 26 0
526 0.0503982998163917 0 0 0 0 0 0 0 0 498 28 0
527 0.0536854271610095 0 0 0 0 0 0 0 0 497 30 0
528 0.0569329660238751 0 0 0 0 0 0 0 0 496 32 0
529 0.0601412945208172 0 0 0 0 0 0 0 0 495 34 0
530 0.063310786756853 0 0 0 0 0 0 0 0 494 36 0
531 0.0664418128748302 0 0 0 0 0 0 0 0 493 38 0
532 0.0695347391033976 0 0 0 0 0 0 0 0 492 40 0
533 0.0725899278043148 0 0 0 0 0 0 0 0 491 42 0
534 0.0756077375191123 0 0 0 0 0 0 0 0 490 44 0
535 0.0785885230151105 0 0 0 0 0 0 0 0 489 46 0
536 0.0815326353308086 0 0 0 0 0 0 0 0 488 48 0
537 0.0844404218206534 0 0 0 0 0 0 0 0 487 50 0
538 0.0873122261991957 0 0 0 0 0 0 0 0 486 52 0
539 0.0901483885846462 0 0 0 0 0 0 0 0 485 54 0
540 0.0929492455418381 0 0 0 0 0 0 0 0 484 56 0
541 0.0957151301246067 0 0 0 0 0 0 0 0 483 58 0
542 0.0984463719175937 0 0 0 0 0 0 0 0 482 60 0
543 0.101143297077487 0 0 0 0 0 0 0 0 481 62 0
544 0.103806228373702 0 0 0 0 0 0 0 0 480 64 0
545 0.106435485228516 0 0 0 0 0 0 0 0 479 66 0
546 0.109031383756658 0 0 0 0 0 0 0 0 478 68 0
547 0.111594236804374 0 0 0 0 0 0 0 0 477 70 0
548 0.114124353987959 0 0 0 0 0 0 0 0 476 72 0
549 0.116622041731779 0 0 0 0 0 0 0 0 475 74 0
550 0.119087603305785 0 0 0 0 0 0 0 0 474 76 0
551 0.12152133886252 0 0 0 0 0 0 0 0 473 78 0
552 0.12392354547364 0 0 0 0 0 0 0 0 472 80 0
553 0.126294517165943 0 0 0 0 0 0 0 0 471 82 0
554 0.128634544956926 0 0 0 0 0 0 0 0 470 84 0
555 0.130943916889863 0 0 0 0 0 0 0 0 469 86 0
556 0.133222918068423 0 0 0 0 0 0 0 0 468 88 0
557 0.135471830690832 0 0 0 0 0 0 0 0 467 90 0
558 0.137690934083581 0 0 0 0 0 0 0 0 466 92 0
559 0.139880504734688 0 0 0 0 0 0 0 0 465 94 0
560 0.142040816326531 0 0 0 0 0 0 0 0 464 96 0
561 0.144172139768239 0 0 0 0 0 0 0 0 463 98 0
562 0.146274743227669 0 0 0 0 0 0 0 0 462 100 0
563 0.148348892162956 0 0 0 0 0 0 0 0 461 102 0
564 0.150394849353654 0 0 0 0 0 0 0 0 460 104 0
565 0.152412874931475 0 0 0 0 0 0 0 0 459 106 0
566 0.154403226410618 0 0 0 0 0 0 0 0 458 108 0
567 0.156366158717717 0 0 0 0 0 0 0 0 457 110 0
568 0.158301924221385 0 0 0 0 0 0 0 0 456 112 0
569 0.160210772761389 0 0 0 0 0 0 0 0 455 114 0
570 0.162092951677439 0 0 0 0 0 0 0 0 454 116 0
571 0.163948705837609 0 0 0 0 0 0 0 0 453 118 0
572 0.16577827766639 0 0 0 0 0 0 0 0 452 120 0
573 0.167581907172379 0 0 0 0 0 0 0 0 451 122 0
574 0.169359831975622 0 0 0 0 0 0 0 0 450 124 0
575 0.171112287334594 0 0 0 0 0 0 0 0 449 126 0
576 0.172839506172839 0 0 0 0 0 0 0 0 448 128 0
577 0.174541719105275 0 0 0 0 0 0 0 0 447 130 0
578 0.176219154464147 0 0 0 0 0 0 0 0 446 132 0
579 0.177872038324668 0 0 0 0 0 0 0 0 445 134 0
580 0.179500594530321 0 0 0 0 0 0 0 0 444 136 0
581 0.181105044717844 0 0 0 0 0 0 0 0 443 138 0
582 0.182685608341895 0 0 0 0 0 0 0 0 442 140 0
583 0.184242502699411 0 0 0 0 0 0 0 0 441 142 0
584 0.18577594295365 0 0 0 0 0 0 0 0 440 144 0
585 0.187286142157937 0 0 0 0 0 0 0 0 439 146 0
586 0.188773311279106 0 0 0 0 0 0 0 0 438 148 0
587 0.19023765922065 0 0 0 0 0 0 0 0 437 150 0
588 0.191679392845574 0 0 0 0 0 0 0 0 436 152 0
589 0.193098716998971 0 0 0 0 0 0 0 0 435 154 0
590 0.194495834530307 0 0 0 0 0 0 0 0 434 156 0
591 0.195870946315431 0 0 0 0 0 0 0 0 433 158 0
592 0.197224251278305 0 0 0 0 0 0 0 0 432 160 0
593 0.198555946412474 0 0 0 0 0 0 0 0 431 162 0
594 0.199866226802254 0 0 0 0 0 0 0 0 430 164 0
595 0.201155285643669 0 0 0 0 0 0 0 0 429 166 0
596 0.202423314265123 0 0 0 0 0 0 0 0 428 168 0
597 0.203670502147813 0 0 0 0 0 0 0 0 427 170 0
598 0.204897036945895 0 0 0 0 0 0 0 0 426 172 0
599 0.206103104506398 0 0 0 0 0 0 0 0 425 174 0
600 0.207288888888889 0 0 0 0 0 0 0 0 424 176 0
601 0.208454572384905 0 0 0 0 0 0 0 0 423 178 0
602 0.209600335537135 0 0 0 0 0 0 0 0 422 180 0
603 0.210726357158376 0 0 0 0 0 0 0 0 421 182 0
604 0.211832814350248 0 0 0 0 0 0 0 0 420 184 0
605 0.212919882521686 0 0 0 0 0 0 0 0 419 186 0
606 0.213987735407204 0 0 0 0 0 0 0 0 418 188 0
607 0.215036545084937 0 0 0 0 0 0 0 0 417 190 0
608 0.21606648199446 0 0 0 0 0 0 0 0 416 192 0
609 0.217077714954392 0 0 0 0 0 0 0 0 415 194 0
610 0.21807041117979 0 0 0 0 0 0 0 0 414 196 0
611 0.219044736299324 0 0 0 0 0 0 0 0 413 198 0
612 0.22000085437225 0 0 0 0 0 0 0 0 412 200 0
613 0.220938927905176 0 0 0 0 0 0 0 0 411 202 0
614 0.221859117868625 0 0 0 0 0 0 0 0 410 204 0
615 0.222761583713398 0 0 0 0 0 0 0 0 409 206 0
616 0.221219324506662 0 1 1 0 0 0 0 0 26 588 0
617 0.21945997914308 0 1 1 0 0 0 0 0 25 590 0
618 0.21770038018035 0 1 1 0 0 0 0 0 24 592 0
619 0.215940557624602 0 1 1 0 0 0 0 0 23 594 0
620 0.214180541103018 0 1 1 0 0 0 0 0 22 596 0
621 0.212420359868375 0 1 1 0 0 0 0 0 21 598 0
622 0.210660042803528 0 1 1 0 0 0 0 0 20 600 0
623 0.208899618425833 0 1 1 0 0 0 0 0 19 602 0
624 0.207139114891519 0 1 1 0 0 0 0 0 18 604 0
625 0.20537856 0 1 1 0 0 0 0 0 17 606 0
626 0.203617981198134 0 1 1 0 0 0 0 0 16 608 0
627 0.201857405584426 0 1 1 0 0 0 0 0 15 610 0
628 0.200096859913181 0 1 1 0 0 0 0 0 14 612 0
629 0.198336370598598 0 1 1 0 0 0 0 0 13 614 0
630 0.196575963718821 0 1 1 0 0 0 0 0 12 616 0
631 0.194815665019929 0 1 1 0 0 0 0 0 11 618 0
632 0.193055499919885 0 1 1 0 0 0 0 0 10 620 0
633 0.191295493512425 0 1 1 0 0 0 0 0 9 622 0
634 0.189535670570908 0 1 1 0 0 0 0 0 8 624 0
635 0.187776055552111 0 1 1 0 0 0 0 0 7 626 0
636 0.186016672599976 0 1 1 0 0 0 0 0 6 628 0
637 0.184257545549315 0 1 1 0 0 0 0 0 5 630 0
638 0.182498697929462 0 1 1 0 0 0 0 0 4 632 0
639 0.180740152967886 0 1 1 0 0 0 0 0 3 634 0
640 0.17898193359375 0 1 1 0 0 0 0 0 2 636 0
641 0.177224062441437 0 1 1 0 0 0 0 0 1 638 0
642 0.175466561854019 0 1 1 0 0 0 0 0 0 640 0
643 0.178440388052698 0 1 1 0 0 0 0 0 0 639 2
644 0.181385266772115 0 1 1 0 0 0 0 0 0 638 4
645 0.184301424193258 0 1 1 0 0 0 0 0 0 637 6
646 0.187189084530667 0 1 1 0 0 0 0 0 0 636 8
647 0.190048470052006 0 1 1 0 0 0 0 0 0 635 10
648 0.192879801097394 0 1 1 0 0 0 0 0 0 634 12
649 0.195683296098537 0 1 1 0 0 0 0 0 0 633 14
650 0.198459171597633 0 1 1 0 0 0 0 0 0 632 16
651 0.201207642266064 0 1 1 0 0 0 0 0 0 631 18
652 0.20392892092288 0 1 1 0 0 0 0 0 0 630 20
653 0.206623218553079 0 1 1 0 0 0 0 0 0 629 22
654 0.209290744325674 0 1 1 0 0 0 0 0 0 628 24
655 0.211931705611561 0 1 1 0 0 0 0 0 0 627 26
656 0.21454630800119 0 1 1 0 0 0 0 0 0 626 28
657 0.214484453803901 0 1 0 1 1 0 0 0 18 636 0
658 0.212812150663797 0 1 0 1 1 0 0 0 17 638 0
659 0.211139791978005 0 1 0 1 1 0 0 0 16 640 0
660 0.209467401285583 0 1 0 1 1 0 0 0 15 642 0
661 0.207795001842438 0 1 0 1 1 0 0 0 14 644 0
662 0.206122616624529 0 1 0 1 1 0 0 0 13 646 0
663 0.204450268331024 0 1 0 1 1 0 0 0 12 648 0
664 0.202777979387429 0 1 0 1 1 0 0 0 11 650 0
665 0.201105771948669 0 1 0 1 1 0 0 0 10 652 0
666 0.199433667902136 0 1 0 1 1 0 0 0 9 654 0
667 0.197761688870707 0 1 0 1 1 0 0 0 8 656 0
668 0.196089856215712 0 1 0 1 1 0 0 0 7 658 0
669 0.194418191039881 0 1 0 1 1 0 0 0 6 660 0
670 0.192746714190243 0 1 0 1 1 0 0 0 5 662 0
671 0.191075446261002 0 1 0 1 1 0 0 0 4 664 0
672 0.189404407596372 0 1 0 1 1 0 0 0 3 666 0
673 0.187733618293375 0 1 0 1 1 0 0 0 2 668 0
674 0.186063098204616 0 1 0 1 1 0 0 0 1 670 0
675 0.184392866941015 0 1 0 1 1 0 0 0 0 672 0
676 0.187237404152516 0 1 0 1 1 0 0 0 0 671 2
677 0.186512308843647 0 1 0 1 0 0 0 0 29 646 0
678 0.184953141723445 0 1 0 1 0 0 0 0 28 648 0
679 0.183393667808286 0 1 0 1 0 0 0 0 27 650 0
680 0.181833910034602 0 1 0 1 0 0 0 0 26 652 0
681 0.180273891077516 0 1 0 1 0 0 0 0 25 654 0
682 0.178713633353686 0 1 0 1 0 0 0 0 24 656 0
683 0.177153159024114 0 1 0 1 0 0 0 0 23 658 0
684 0.175592489996922 0 1 0 1 0 0 0 0 22 660 0
685 0.174031647930097 0 1 0 1 0 0 0 0 21 662 0
686 0.172470654234205 0 1 0 1 0 0 0 0 20 664 0
687 0.170909530075068 0 1 0 1 0 0 0 0 19 666 0
688 0.16934829637642 0 1 0 1 0 0 0 0 18 668 0
689 0.167786973822519 0 1 0 1 0 0 0 0 17 670 0
690 0.166225582860744 0 1 0 1 0 0 0 0 16 672 0
691 0.164664143704147 0 1 0 1 0 0 0 0 15 674 0
692 0.16310267633399 0 1 0 1 0 0 0 0 14 676 0
693 0.161541200502239 0 1 0 1 0 0 0 0 13 678 0
694 0.15997973573404 0 1 0 1 0 0 0 0 12 680 0
695 0.158418301330159 0 1 0 1 0 0 0 0 11 682 0
696 0.156856916369401 0 1 0 1 0 0 0 0 10 684 0
697 0.155295599710998 0 1 0 1 0 0 0 0 9 686 0
698 0.153734369996962 0 1 0 1 0 0 0 0 8 688 0
699 0.15217324565443 0 1 0 1 0 0 0 0 7 690 0
700 0.150612244897959 0 1 0 1 0 0 0 0 6 692 0
701 0.149051385731816 0 1 0 1 0 0 0 0 5 694 0
702 0.147490685952224 0 1 0 1 0 0 0 0 4 696 0
703 0.145930163149599 0 1 0 1 0 0 0 0 3 698 0
704 0.144369834710744 0 1 0 1 0 0 0 0 2 700 0
705 0.142809717821035 0 1 0 1 0 0 0 0 1 702 0
706 0.141249829466571 0 1 0 1 0 0 0 0 0 704 0
707 0.14398348301187 0 1 0 1 0 0 0 0 0 703 2
708 0.146693159692298 0 1 0 1 0 0 0 0 0 702 4
709 0.149379029643054 0 1 0 1 0 0 0 0 0 701 6
710 0.152041261654434 0 1 0 1 0 0 0 0 0 700 8
711 0.154680023184002 0 1 0 1 0 0 0 0 0 699 10
712 0.15729548036864 0 1 0 1 0 0 0 0 0 698 12
713 0.15704734159636 0 1 0 0 1 0 0 0 25 686 0
714 0.155577917441486 0 1 0 0 1 0 0 0 24 688 0
715 0.154108269353025 0 1 0 0 1 0 0 0 23 690 0
716 0.152638416403982 0 1 0 0 1 0 0 0 22 692 0
717 0.151168377459934 0 1 0 0 1 0 0 0 21 694 0
718 0.149698171181167 0 1 0 0 1 0 0 0 20 696 0
719 0.148227816024807 0 1 0 0 1 0 0 0 19 698 0
720 0.146757330246914 0 1 0 0 1 0 0 0 18 700 0
721 0.145286731904563 0 1 0 0 1 0 0 0 17 702 0
722 0.143816038857897 0 1 0 0 1 0 0 0 16 704 0
723 0.142345268772155 0 1 0 0 1 0 0 0 15 706 0
724 0.140874439119685 0 1 0 0 1 0 0 0 14 708 0
725 0.139403567181926 0 1 0 0 1 0 0 0 13 710 0
726 0.137932670051378 0 1 0 0 1 0 0 0 12 712 0
727 0.136461764633539 0 1 0 0 1 0 0 0 11 714 0
728 0.134990867648835 0 1 0 0 1 0 0 0 10 716 0
729 0.133519995634511 0 1 0 0 1 0 0 0 9 718 0
730 0.132049164946519 0 1 0 0 1 0 0 0 8 720 0
731 0.130578391761375 0 1 0 0 1 0 0 0 7 722 0
732 0.129107692077996 0 1 0 0 1 0 0 0 6 724 0
733 0.127637081719522 0 1 0 0 1 0 0 0 5 726 0
734 0.126166576335113 0 1 0 0 1 0 0 0 4 728 0
735 0.124696191401731 0 1 0 0 1 0 0 0 3 730 0
736 0.123225942225898 0 1 0 0 1 0 0 0 2 732 0
737 0.121755843945439 0 1 0 0 1 0 0 0 1 734 0
738 0.120285911531202 0 1 0 0 1 0 0 0 0 736 0
739 0.122917814916475 0 1 0 0 1 0 0 0 0 735 2
740 0.123175675675676 0 1 0 0 0 0 0 0 29 710 0
741 0.121796237713561 0 1 0 0 0 0 0 0 28 712 0
742 0.120416518333927 0 1 0 0 0 0 0 0 27 714 0
743 0.119036534800353 0 1 0 0 0 0 0 0 26 716 0
744 0.117656304197017 0 1 0 0 0 0 0 0 25 718 0
745 0.116275843430476 0 1 0 0 0 0 0 0 24 720 0
746 0.114895169231433 0 1 0 0 0 0 0 0 23 722 0
747 0.113514298156481 0 1 0 0 0 0 0 0 22 724 0
748 0.112133246589837 0 1 0 0 0 0 0 0 21 726 0
749 0.110752030745043 0 1 0 0 0 0 0 0 20 728 0
750 0.109370666666667 0 1 0 0 0 0 0 0 19 730 0
751 0.107989170231968 0 1 0 0 0 0 0 0 18 732 0
752 0.106607557152558 0 1 0 0 0 0 0 0 17 734 0
753 0.105225842976037 0 1 0 0 0 0 0 0 16 736 0
754 0.103844043087618 0 1 0 0 0 0 0 0 15 738 0
755 0.102462172711723 0 1 0 0 0 0 0 0 14 740 0
756 0.10108024691358 0 1 0 0 0 0 0 0 13 742 0
757 0.0996982806007863 0 1 0 0 0 0 0 0 12 744 0
758 0.0983162885248641 0 1 0 0 0 0 0 0 11 746 0
759 0.0969342852827988 0 1 0 0 0 0 0 0 10 748 0
760 0.0955522853185596 0 1 0 0 0 0 0 0 9 750 0
761 0.0941703029246047 0 1 0 0 0 0 0 0 8 752 0
762 0.0927883522433712 0 1 0 0 0 0 0 0 7 754 0
763 0.0914064472687484 0 1 0 0 0 0 0 0 6 756 0
764 0.0900246018475371 0 1 0 0 0 0 0 0 5 758 0
765 0.088642829680892 0 1 0 0 0 0 0 0 4 760 0
766 0.0872611443257504 0 1 0 0 0 0 0 0 3 762 0
767 0.0858795591962454 0 1 0 0 0 0 0 0 2 764 0
768 0.0844980875651042 0 1 0 0 0 0 0 0 1 766 0
769 0.0831167425650322 0 1 0 0 0 0 0 0 0 768 0
770 0.0856535672120087 0 1 0 0 0 0 0 0 0 767 2
771 0.0881702305190928 0 1 0 0 0 0 0 0 0 766 4
772 0.0906668635399608 0 1 0 0 0 0 0 0 0 765 6
773 0.0931435963777489 0 1 0 0 0 0 0 0 0 764 8
774 0.0956005581929505 0 1 0 0 0 0 0 0 0 763 10
775 0.0980378772112382 0 1 0 0 0 0 0 0 0 762 12
776 0.100455680731215 0 1 0 0 0 0 0 0 0 761 14
777 0.102854095132087 0 1 0 0 0 0 0 0 0 760 16
778 0.105233245881272 0 1 0 0 0 0 0 0 0 759 18
779 0.107593257541926 0 1 0 0 0 0 0 0 0 758 20
780 0.109934253780408 0 1 0 0 0 0 0 0 0 757 22
781 0.112256357373668 0 1 0 0 0 0 0 0 0 756 24
782 0.114559690216574 0 1 0 0 0 0 0 0 0 755 26
783 0.116844373329158 0 1 0 0 0 0 0 0 0 754 28
784 0.119110526863807 0 1 0 0 0 0 0 0 0 753 30
785 0.121358270112378 0 1 0 0 0 0 0 0 0 752 32
786 0.12358772151325 0 1 0 0 0 0 0 0 0 751 34
787 0.125798998658312 0 1 0 0 0 0 0 0 0 750 36
788 0.127992218299879 0 1 0 0 0 0 0 0 0 749 38
789 0.130167496357553 0 1 0 0 0 0 0 0 0 748 40
790 0.132324947925012 0 1 0 0 0 0 0 0 0 747 42
791 0.134464687276743 0 1 0 0 0 0 0 0 0 746 44
792 0.136586827874707 0 1 0 0 0 0 0 0 0 745 46
793 0.138691482374942 0 1 0 0 0 0 0 0 0 744 48
794 0.140778762634114 0 1 0 0 0 0 0 0 0 743 50
795 0.142848779715992 0 1 0 0 0 0 0 0 0 742 52
796 0.144901643897881 0 1 0 0 0 0 0 0 0 741 54
797 0.144639008578279 0 0 1 1 1 0 0 0 6 788 0
798 0.143279564826854 0 0 1 1 1 0 0 0 5 790 0
799 0.141920203759079 0 0 1 1 1 0 0 0 4 792 0
800 0.1405609375 0 0 1 1 1 0 0 0 3 794 0
801 0.139201778052092 0 0 1 1 1 0 0 0 2 796 0
802 0.13784273729641 0 0 1 1 1 0 0 0 1 798 0
803 0.13648382699373 0 0 1 1 1 0 0 0 0 800 0
804 0.138907452785822 0 0 1 1 1 0 0 0 0 799 2
805 0.13889278963003 0 0 1 1 0 0 0 0 29 774 0
806 0.137610908262473 0 0 1 1 0 0 0 0 28 776 0
807 0.136328808182431 0 0 1 1 0 0 0 0 27 778 0
808 0.135046502793844 0 0 1 1 0 0 0 0 26 780 0
809 0.133764005372196 0 0 1 1 0 0 0 0 25 782 0
810 0.132481329065691 0 0 1 1 0 0 0 0 24 784 0
811 0.13119848689642 0 0 1 1 0 0 0 0 23 786 0
812 0.129915491761508 0 0 1 1 0 0 0 0 22 788 0
813 0.128632356434265 0 0 1 1 0 0 0 0 21 790 0
814 0.12734909356531 0 0 1 1 0 0 0 0 20 792 0
815 0.126065715683692 0 0 1 1 0 0 0 0 19 794 0
816 0.124782235198001 0 0 1 1 0 0 0 0 18 796 0
817 0.123498664397466 0 0 1 1 0 0 0 0 17 798 0
818 0.12221501545304 0 0 1 1 0 0 0 0 16 800 0
819 0.12093130041848 0 0 1 1 0 0 0 0 15 802 0
820 0.11964753123141 0 0 1 1 0 0 0 0 14 804 0
821 0.118363719714379 0 0 1 1 0 0 0 0 13 806 0
822 0.117079877575908 0 0 1 1 0 0 0 0 12 808 0
823 0.115796016411522 0 0 1 1 0 0 0 0 11 810 0
824 0.114512147704779 0 0 1 1 0 0 0 0 10 812 0
825 0.113228282828283 0 0 1 1 0 0 0 0 9 814 0
826 0.111944433044692 0 0 1 1 0 0 0 0 8 816 0
827 0.110660609507712 0 0 1 1 0 0 0 0 7 818 0
828 0.109376823263087 0 0 1 1 0 0 0 0 6 820 0
829 0.10809308524957 0 0 1 1 0 0 0 0 5 822 0
830 0.106809406299898 0 0 1 1 0 0 0 0 4 824 0
831 0.105525797141744 0 0 1 1 0 0 0 0 3 826 0
832 0.104242268398669 0 0 1 1 0 0 0 0 2 828 0
833 0.10295883059106 0 0 1 1 0 0 0 0 1 830 0
834 0.101675494137064 0 0 1 1 0 0 0 0 0 832 0
835 0.104018071641149 0 0 1 1 0 0 0 0 0 831 2
836 0.106343433071587 0 0 1 1 0 0 0 0 0 830 4
837 0.108651681704443 0 0 1 1 0 0 0 0 0 829 6
838 0.110942920124629 0 0 1 1 0 0 0 0 0 828 8
839 0.113217250231205 0 0 1 1 0 0 0 0 0 827 10
840 0.11547477324263 0 0 1 1 0 0 0 0 0 826 12
841 0.115781422093906 0 0 1 0 1 0 0 0 25 814 0
842 0.11456152921728 0 0 1 0 1 0 0 0 24 816 0
843 0.113341466743779 0 0 1 0 1 0 0 0 23 818 0
844 0.112121246153501 0 0 1 0 1 0 0 0 22 820 0
845 0.11090087882077 0 0 1 0 1 0 0 0 21 822 0
846 0.109680376015067 0 0 1 0 1 0 0 0 20 824 0
847 0.108459748901951 0 0 1 0 1 0 0 0 19 826 0
848 0.107239008543966 0 0 1 0 1 0 0 0 18 828 0
849 0.106018165901546 0 0 1 0 1 0 0 0 17 830 0
850 0.10479723183391 0 0 1 0 1 0 0 0 16 832 0
851 0.103576217099949 0 0 1 0 1 0 0 0 15 834 0
852 0.1023551323591 0 0 1 0 1 0 0 0 14 836 0
853 0.101133988172219 0 0 1 0 1 0 0 0 13 838 0
854 0.0999127950024406 0 0 1 0 1 0 0 0 12 840 0
855 0.0986915632160323 0 0 1 0 1 0 0 0 11 842 0
856 0.0974703030832387 0 0 1 0 1 0 0 0 10 844 0
857 0.0962490247791201 0 0 1 0 1 0 0 0 9 846 0
858 0.0950277383843817 0 0 1 0 1 0 0 0 8 848 0
859 0.0938064538861957 0 0 1 0 1 0 0 0 7 850 0
860 0.0925851811790157 0 0 1 0 1 0 0 0 6 852 0
861 0.0913639300653833 0 0 1 0 1 0 0 0 5 854 0
862 0.0901427102567277 0 0 1 0 1 0 0 0 4 856 0
863 0.0889215313741576 0 0 1 0 1 0 0 0 3 858 0
864 0.0877004029492455 0 0 1 0 1 0 0 0 2 860 0
865 0.0864793344248054 0 0 1 0 1 0 0 0 1 862 0
866 0.0852583351556625 0 0 1 0 1 0 0 0 0 864 0
867 0.0875255591075563 0 0 1 0 1 0 0 0 0 863 2
868 0.0881416041963091 0 0 1 0 0 0 0 0 29 838 0
869 0.0869854243002486 0 0 1 0 0 0 0 0 28 840 0
870 0.0858290395032369 0 0 1 0 0 0 0 0 27 842 0
871 0.0846724603600385 0 0 1 0 0 0 0 0 26 844 0
872 0.0835156973318744 0 0 1 0 0 0 0 0 25 846 0
873 0.0823587607872158 0 0 1 0 0 0 0 0 24 848 0
874 0.0812016610025711 0 0 1 0 0 0 0 0 23 850 0
875 0.0800444081632653 0 0 1 0 0 0 0 0 22 852 0
876 0.0788870123642126 0 0 1 0 0 0 0 0 21 854 0
877 0.0777294836106817 0 0 1 0 0 0 0 0 20 856 0
878 0.0765718318190545 0 0 1 0 0 0 0 0 19 858 0
879 0.0754140668175776 0 0 1 0 0 0 0 0 18 860 0
880 0.0742561983471074 0 0 1 0 0 0 0 0 17 862 0
881 0.073098236061848 0 0 1 0 0 0 0 0 16 864 0
882 0.0719401895300826 0 0 1 0 0 0 0 0 15 866 0
883 0.0707820682348988 0 0 1 0 0 0 0 0 14 868 0
884 0.0696238815749063 0 0 1 0 0 0 0 0 13 870 0
885 0.0684656388649494 0 0 1 0 0 0 0 0 12 872 0
886 0.0673073493368119 0 0 1 0 0 0 0 0 11 874 0
887 0.0661490221399165 0 0 1 0 0 0 0 0 10 876 0
888 0.0649906663420177 0 0 1 0 0 0 0 0 9 878 0
889 0.063832290929888 0 0 1 0 0 0 0 0 8 880 0
890 0.0626739048099987 0 0 1 0 0 0 0 0 7 882 0
891 0.0615155168091943 0 0 1 0 0 0 0 0 6 884 0
892 0.0603571356753605 0 0 1 0 0 0 0 0 5 886 0
893 0.0591987700780865 0 0 1 0 0 0 0 0 4 888 0
894 0.0580404286093219 0 0 1 0 0 0 0 0 3 890 0
895 0.0568821197840267 0 0 1 0 0 0 0 0 2 892 0
896 0.0557238520408163 0 0 1 0 0 0 0 0 1 894 0
897 0.0545656337426004 0 0 1 0 0 0 0 0 0 896 0
898 0.0567618712208768 0 0 1 0 0 0 0 0 0 895 2
899 0.0589432579271743 0 0 1 0 0 0 0 0 0 894 4
900 0.0611098765432099 0 0 1 0 0 0 0 0 0 893 6
901 0.0632618092365002 0 0 1 0 0 0 0 0 0 892 8
902 0.0653991376640234 0 0 1 0 0 0 0 0 0 891 10
903 0.0675219429758563 0 0 1 0 0 0 0 0 0 890 12
904 0.0696303058187797 0 0 1 0 0 0 0 0 0 889 14
905 0.0717243063398554 0 0 1 0 0 0 0 0 0 888 16
906 0.0738040241899721 0 0 1 0 0 0 0 0 0 887 18
907 0.0758695385273672 0 0 1 0 0 0 0 0 0 886 20
908 0.0779209280211144 0 0 1 0 0 0 0 0 0 885 22
909 0.0799582708545882 0 0 1 0 0 0 0 0 0 884 24
910 0.0819816447288976 0 0 1 0 0 0 0 0 0 883 26
911 0.0839911268662921 0 0 1 0 0 0 0 0 0 882 28
912 0.0856116785934134 0 0 0 1 1 0 0 0 18 892 0
913 0.0844921056325271 0 0 0 1 1 0 0 0 17 894 0
914 0.0833724365450637 0 0 0 1 1 0 0 0 16 896 0
915 0.0822526799844725 0 0 0 1 1 0 0 0 15 898 0
916 0.0811328445300433 0 0 0 1 1 0 0 0 14 900 0
917 0.0800129386875081 0 0 0 1 1 0 0 0 13 902 0
918 0.0788929708896388 0 0 0 1 1 0 0 0 12 904 0
919 0.0777729494968392 0 0 0 1 1 0 0 0 11 906 0
920 0.0766528827977316 0 0 0 1 1 0 0 0 10 908 0
921 0.075532779009739 0 0 0 1 1 0 0 0 9 910 0
922 0.0744126462796618 0 0 0 1 1 0 0 0 8 912 0
923 0.0732924926842495 0 0 0 1 1 0 0 0 7 914 0
924 0.0721723262307678 0 0 0 1 1 0 0 0 6 916 0
925 0.0710521548575603 0 0 0 1 1 0 0 0 5 918 0
926 0.0699319864346057 0 0 0 1 1 0 0 0 4 920 0
927 0.0688118287640706 0 0 0 1 1 0 0 0 3 922 0
928 0.0676916895808561 0 0 0 1 1 0 0 0 2 924 0
929 0.0665715765531417 0 0 0 1 1 0 0 0 1 926 0
930 0.0654514972829229 0 0 0 1 1 0 0 0 0 928 0
931 0.0675757215656911 0 0 0 1 1 0 0 0 0 927 2
932 0.0683322127871208 0 0 0 1 0 0 0 0 29 902 0
933 0.0672679379061654 0 0 0 1 0 0 0 0 28 904 0
934 0.0662034765623209 0 0 0 1 0 0 0 0 27 906 0
935 0.0651388372558552 0 0 0 1 0 0 0 0 26 908 0
936 0.0640740284169771 0 0 0 1 0 0 0 0 25 910 0
937 0.0630090584063902 0 0 0 1 0 0 0 0 24 912 0
938 0.0619439355158414 0 0 0 1 0 0 0 0 23 914 0
939 0.0608786679686658 0 0 0 1 0 0 0 0 22 916 0
940 0.0598132639203259 0 0 0 1 0 0 0 0 21 918 0
941 0.0587477314589472 0 0 0 1 0 0 0 0 20 920 0
942 0.0576820786058483 0 0 0 1 0 0 0 0 19 922 0
943 0.0566163133160678 0 0 0 1 0 0 0 0 18 924 0
944 0.0555504434788854 0 0 0 1 0 0 0 0 17 926 0
945 0.0544844769183394 0 0 0 1 0 0 0 0 16 928 0
946 0.0534184213937397 0 0 0 1 0 0 0 0 15 930 0
947 0.0523522846001768 0 0 0 1 0 0 0 0 14 932 0
948 0.0512860741690256 0 0 0 1 0 0 0 0 13 934 0
949 0.0502197976684459 0 0 0 1 0 0 0 0 12 936 0
950 0.0491534626038781 0 0 0 1 0 0 0 0 11 938 0
951 0.0480870764185356 0 0 0 1 0 0 0 0 10 940 0
952 0.0470206464938917 0 0 0 1 0 0 0 0 9 942 0
953 0.0459541801501637 0 0 0 1 0 0 0 0 8 944 0
954 0.0448876846467923 0 0 0 1 0 0 0 0 7 946 0
955 0.0438211671829171 0 0 0 1 0 0 0 0 6 948 0
956 0.0427546348978484 0 0 0 1 0 0 0 0 5 950 0
957 0.0416880948715345 0 0 0 1 0 0 0 0 4 952 0
958 0.0406215541250256 0 0 0 1 0 0 0 0 3 954 0
959 0.0395550196209338 0 0 0 1 0 0 0 0 2 956 0
960 0.0384884982638889 0 0 0 1 0 0 0 0 1 958 0
961 0.0374219969009909 0 0 0 1 0 0 0 0 0 960 0
962 0.0394837505024617 0 0 0 1 0 0 0 0 0 959 2
963 0.0415325506891 0 0 0 1 0 0 0 0 0 958 4
964 0.0435684647302905 0 0 0 1 0 0 0 0 0 957 6
965 0.0455915595049531 0 0 0 1 0 0 0 0 0 956 8
966 0.0476019015041428 0 0 0 1 0 0 0 0 0 955 10
967 0.0495995568336276 0 0 0 1 0 0 0 0 0 954 12
968 0.0506924048903763 0 0 0 0 1 0 0 0 25 942 0
969 0.0496719246060273 0 0 0 0 1 0 0 0 24 944 0
970 0.0486512913168243 0 0 0 0 1 0 0 0 23 946 0
971 0.0476305124618043 0 0 0 0 1 0 0 0 22 948 0
972 0.0466095954207523 0 0 0 0 1 0 0 0 21 950 0
973 0.0455885475146531 0 0 0 0 1 0 0 0 20 952 0
974 0.0445673760061391 0 0 0 0 1 0 0 0 19 954 0
975 0.0435460880999343 0 0 0 0 1 0 0 0 18 956 0
976 0.0425246909432948 0 0 0 0 1 0 0 0 17 958 0
977 0.0415031916264461 0 0 0 0 1 0 0 0 16 960 0
978 0.0404815971830161 0 0 0 0 1 0 0 0 15 962 0
979 0.0394599145904651 0 0 0 0 1 0 0 0 14 964 0
980 0.0384381507705123 0 0 0 0 1 0 0 0 13 966 0
981 0.0374163125895584 0 0 0 0 1 0 0 0 12 968 0
982 0.0363944068591054 0 0 0 0 1 0 0 0 11 970 0
983 0.0353724403361727 0 0 0 0 1 0 0 0 10 972 0
984 0.0343504197237094 0 0 0 0 1 0 0 0 9 974 0
985 0.0333283516710041 0 0 0 0 1 0 0 0 8 976 0
986 0.0323062427740908 0 0 0 0 1 0 0 0 7 978 0
987 0.0312840995761516 0 0 0 0 1 0 0 0 6 980 0
988 0.0302619285679162 0 0 0 0 1 0 0 0 5 982 0
989 0.0292397361880585 0 0 0 0 1 0 0 0 4 984 0
990 0.0282175288235894 0 0 0 0 1 0 0 0 3 986 0
991 0.0271953128102468 0 0 0 0 1 0 0 0 2 988 0
992 0.0261730944328824 0 0 0 0 1 0 0 0 1 990 0
993 0.0251508799258455 0 0 0 0 1 0 0 0 0 992 0
994 0.0271538688873685 0 0 0 0 1 0 0 0 0 991 2
995 0.0282962551450721 0 0 0 0 0 0 0 0 29 966 0
996 0.0273221399654844 0 0 0 0 0 0 0 0 28 968 0
997 0.0263478499691653 0 0 0 0 0 0 0 0 27 970 0
998 0.0253733920747306 0 0 0 0 0 0 0 0 26 972 0
999 0.0243987731475219 0 0 0 0 0 0 0 0 25 974 0
1000 0.023424 0 0 0 0 0 0 0 0 24 976 0
1001 0.0224490793921363 0 0 0 0 0 0 0 0 23 978 0
1002 0.0214740180318007 0 0 0 0 0 0 0 0 22 980 0
1003 0.0204988225751459 0 0 0 0 0 0 0 0 21 982 0
1004 0.01952349962699 0 0 0 0 0 0 0 0 20 984 0
1005 0.0185480557411945 0 0 0 0 0 0 0 0 19 986 0
1006 0.0175724974210404 0 0 0 0 0 0 0 0 18 988 0
1007 0.0165968311196007 0 0 0 0 0 0 0 0 17 990 0
1008 0.0156210632401109 0 0 0 0 0 0 0 0 16 992 0
1009 0.0146452001363349 0 0 0 0 0 0 0 0 15 994 0
1010 0.0136692481129301 0 0 0 0 0 0 0 0 14 996 0
1011 0.0126932134258077 0 0 0 0 0 0 0 0 13 998 0
1012 0.0117171022824915 0 0 0 0 0 0 0 0 12 1000 0
1013 0.0107409208424733 0 0 0 0 0 0 0 0 11 1002 0
1014 0.00976467521756552 0 0 0 0 0 0 0 0 10 1004 0
1015 0.00878837147225121 0 0 0 0 0 0 0 0 9 1006 0
1016 0.00781201562403125 0 0 0 0 0 0 0 0 8 1008 0
1017 0.00683561364376881 0 0 0 0 0 0 0 0 7 1010 0
1018 0.00585917145603113 0 0 0 0 0 0 0 0 6 1012 0
1019 0.00488269493942858 0 0 0 0 0 0 0 0 5 1014 0
1020 0.00390618992695117 0 0 0 0 0 0 0 0 4 1016 0
1021 0.00292966220630232 0 0 0 0 0 0 0 0 3 1018 0
1022 0.00195311752023008 0 0 0 0 0 0 0 0 2 1020 0
1023 0.000976561566855768 0 0 0 0 0 0 0 0 1 1022 0
