"n" "Min_V" "d1" "d2" "d3" "d4" "d5" "d6" "d7" "d8" "d9" "d10" "d11" "d12"
1024 0 0 0 0 0 0 0 0 0 0 1024 0 0
1025 0.00194741225461035 0 0 0 0 0 0 0 0 0 1023 2 0
1026 0.00388343611899578 0 0 0 0 0 0 0 0 0 1022 4 0
1027 0.00580812701651325 0 0 0 0 0 0 0 0 0 1021 6 0
1028 0.00772154006873685 0 0 0 0 0 0 0 0 0 1020 8 0
1029 0.00962373009734228 0 0 0 0 0 0 0 0 0 1019 10 0
1030 0.0115147516259779 0 0 0 0 0 0 0 0 0 1018 12 0
1031 0.0133946588821227 0 0 0 0 0 0 0 0 0 1017 14 0
1032 0.0152635057989304 0 0 0 0 0 0 0 0 0 1016 16 0
1033 0.0171213460170614 0 0 0 0 0 0 0 0 0 1015 18 0
1034 0.0189682328865011 0 0 0 0 0 0 0 0 0 1014 20 0
1035 0.0208042194683657 0 0 0 0 0 0 0 0 0 1013 22 0
1036 0.0226293585366944 0 0 0 0 0 0 0 0 0 1012 24 0
1037 0.0244437025802306 0 0 0 0 0 0 0 0 0 1011 26 0
1038 0.0262473038041884 0 0 0 0 0 0 0 0 0 1010 28 0
1039 0.0280402141320085 0 0 0 0 0 0 0 0 0 1009 30 0
1040 0.0298224852071006 0 0 0 0 0 0 0 0 0 1008 32 0
1041 0.0315941683945737 0 0 0 0 0 0 0 0 0 1007 34 0
1042 0.0333553147829547 0 0 0 0 0 0 0 0 0 1006 36 0
1043 0.0351059751858944 0 0 0 0 0 0 0 0 0 1005 38 0
1044 0.0368462001438617 0 0 0 0 0 0 0 0 0 1004 40 0
1045 0.0385760399258259 0 0 0 0 0 0 0 0 0 1003 42 0
1046 0.0402955445309272 0 0 0 0 0 0 0 0 0 1002 44 0
1047 0.0420047636901357 0 0 0 0 0 0 0 0 0 1001 46 0
1048 0.0437037468678981 0 0 0 0 0 0 0 0 0 1000 48 0
1049 0.0453925432637738 0 0 0 0 0 0 0 0 0 999 50 0
1050 0.047071201814059 0 0 0 0 0 0 0 0 0 998 52 0
1051 0.0487397711933992 0 0 0 0 0 0 0 0 0 997 54 0
1052 0.0503982998163917 0 0 0 0 0 0 0 0 0 996 56 0
1053 0.0520468358391752 0 0 0 0 0 0 0 0 0 995 58 0
1054 0.0536854271610095 0 0 0 0 0 0 0 0 0 994 60 0
1055 0.055314121425844 0 0 0 0 0 0 0 0 0 993 62 0
1056 0.0569329660238751 0 0 0 0 0 0 0 0 0 992 64 0
1057 0.0585420080930929 0 0 0 0 0 0 0 0 0 991 66 0
1058 0.0601412945208172 0 0 0 0 0 0 0 0 0 990 68 0
1059 0.0617308719452224 0 0 0 0 0 0 0 0 0 989 70 0
1060 0.063310786756853 0 0 0 0 0 0 0 0 0 988 72 0
1061 0.0648810851001269 0 0 0 0 0 0 0 0 0 987 74 0
1062 0.0664418128748302 0 0 0 0 0 0 0 0 0 986 76 0
1063 0.0679930157375999 0 0 0 0 0 0 0 0 0 985 78 0
1064 0.0695347391033976 0 0 0 0 0 0 0 0 0 984 80 0
1065 0.0710670281469726 0 0 0 0 0 0 0 0 0 983 82 0
1066 0.0725899278043148 0 0 0 0 0 0 0 0 0 982 84 0
1067 0.074103482774098 0 0 0 0 0 0 0 0 0 981 86 0
1068 0.0756077375191123 0 0 0 0 0 0 0 0 0 980 88 0
1069 0.0771027362676885 0 0 0 0 0 0 0 0 0 979 90 0
1070 0.0785885230151105 0 0 0 0 0 0 0 0 0 978 92 0
1071 0.0800651415250196 0 0 0 0 0 0 0 0 0 977 94 0
1072 0.0815326353308086 0 0 0 0 0 0 0 0 0 976 96 0
1073 0.0829910477370065 0 0 0 0 0 0 0 0 0 975 98 0
1074 0.0844404218206534 0 0 0 0 0 0 0 0 0 974 100 0
1075 0.0858808004326663 0 0 0 0 0 0 0 0 0 973 102 0
1076 0.0873122261991957 0 0 0 0 0 0 0 0 0 972 104 0
1077 0.0887347415229725 0 0 0 0 0 0 0 0 0 971 106 0
1078 0.0901483885846462 0 0 0 0 0 0 0 0 0 970 108 0
1079 0.0915532093441135 0 0 0 0 0 0 0 0 0 969 110 0
1080 0.0929492455418381 0 0 0 0 0 0 0 0 0 968 112 0
1081 0.094336538700162 0 0 0 0 0 0 0 0 0 967 114 0
1082 0.0957151301246067 0 0 0 0 0 0 0 0 0 966 116 0
1083 0.0970850609051667 0 0 0 0 0 0 0 0 0 965 118 0
1084 0.0984463719175937 0 0 0 0 0 0 0 0 0 964 120 0
1085 0.0997991038246724 0 0 0 0 0 0 0 0 0 963 122 0
1086 0.101143297077487 0 0 0 0 0 0 0 0 0 962 124 0
1087 0.10247899191668 0 0 0 0 0 0 0 0 0 961 126 0
1088 0.103806228373702 0 0 0 0 0 0 0 0 0 960 128 0
1089 0.105125046272054 0 0 0 0 0 0 0 0 0 959 130 0
1090 0.106435485228516 0 0 0 0 0 0 0 0 0 958 132 0
1091 0.10773758465438 0 0 0 0 0 0 0 0 0 957 134 0
1092 0.109031383756658 0 0 0 0 0 0 0 0 0 956 136 0
1093 0.110316921539297 0 0 0 0 0 0 0 0 0 955 138 0
1094 0.111594236804374 0 0 0 0 0 0 0 0 0 954 140 0
1095 0.112863368153291 0 0 0 0 0 0 0 0 0 953 142 0
1096 0.114124353987959 0 0 0 0 0 0 0 0 0 952 144 0
1097 0.115377232511972 0 0 0 0 0 0 0 0 0 951 146 0
1098 0.116622041731779 0 0 0 0 0 0 0 0 0 950 148 0
1099 0.117858819457841 0 0 0 0 0 0 0 0 0 949 150 0
1100 0.119087603305785 0 0 0 0 0 0 0 0 0 948 152 0
1101 0.120308430697549 0 0 0 0 0 0 0 0 0 947 154 0
1102 0.12152133886252 0 0 0 0 0 0 0 0 0 946 156 0
1103 0.122726364838662 0 0 0 0 0 0 0 0 0 945 158 0
1104 0.12392354547364 0 0 0 0 0 0 0 0 0 944 160 0
1105 0.125112917425933 0 0 0 0 0 0 0 0 0 943 162 0
1106 0.126294517165943 0 0 0 0 0 0 0 0 0 942 164 0
1107 0.127468380977095 0 0 0 0 0 0 0 0 0 941 166 0
1108 0.128634544956926 0 0 0 0 0 0 0 0 0 940 168 0
1109 0.129793045018177 0 0 0 0 0 0 0 0 0 939 170 0
1110 0.130943916889863 0 0 0 0 0 0 0 0 0 938 172 0
1111 0.132087196118352 0 0 0 0 0 0 0 0 0 937 174 0
1112 0.133222918068423 0 0 0 0 0 0 0 0 0 936 176 0
1113 0.134351117924326 0 0 0 0 0 0 0 0 0 935 178 0
1114 0.135471830690832 0 0 0 0 0 0 0 0 0 934 180 0
1115 0.136585091194273 0 0 0 0 0 0 0 0 0 933 182 0
1116 0.137690934083581 0 0 0 0 0 0 0 0 0 932 184 0
1117 0.138789393831315 0 0 0 0 0 0 0 0 0 931 186 0
1118 0.139880504734688 0 0 0 0 0 0 0 0 0 930 188 0
1119 0.140964300916575 0 0 0 0 0 0 0 0 0 929 190 0
1120 0.142040816326531 0 0 0 0 0 0 0 0 0 928 192 0
1121 0.143110084741784 0 0 0 0 0 0 0 0 0 927 194 0
1122 0.144172139768239 0 0 0 0 0 0 0 0 0 926 196 0
1123 0.145227014841463 0 0 0 0 0 0 0 0 0 925 198 0
1124 0.146274743227669 0 0 0 0 0 0 0 0 0 924 200 0
1125 0.147315358024691 0 0 0 0 0 0 0 0 0 923 202 0
1126 0.148348892162956 0 0 0 0 0 0 0 0 0 922 204 0
1127 0.149375378406445 0 0 0 0 0 0 0 0 0 921 206 0
1128 0.150394849353654 0 0 0 0 0 0 0 0 0 920 208 0
1129 0.151407337438542 0 0 0 0 0 0 0 0 0 919 210 0
1130 0.152412874931475 0 0 0 0 0 0 0 0 0 918 212 0
1131 0.153411493940169 0 0 0 0 0 0 0 0 0 917 214 0
1132 0.154403226410618 0 0 0 0 0 0 0 0 0 916 216 0
1133 0.155388104128025 0 0 0 0 0 0 0 0 0 915 218 0
1134 0.156366158717717 0 0 0 0 0 0 0 0 0 914 220 0
1135 0.157337421646063 0 0 0 0 0 0 0 0 0 913 222 0
1136 0.158301924221385 0 0 0 0 0 0 0 0 0 912 224 0
1137 0.159259697594853 0 0 0 0 0 0 0 0 0 911 226 0
1138 0.160210772761389 0 0 0 0 0 0 0 0 0 910 228 0
1139 0.161155180560555 0 0 0 0 0 0 0 0 0 909 230 0
1140 0.162092951677439 0 0 0 0 0 0 0 0 0 908 232 0
1141 0.163024116643533 0 0 0 0 0 0 0 0 0 907 234 0
1142 0.163948705837609 0 0 0 0 0 0 0 0 0 906 236 0
1143 0.164866749486585 0 0 0 0 0 0 0 0 0 905 238 0
1144 0.16577827766639 0 0 0 0 0 0 0 0 0 904 240 0
1145 0.166683320302816 0 0 0 0 0 0 0 0 0 903 242 0
1146 0.167581907172379 0 0 0 0 0 0 0 0 0 902 244 0
1147 0.168474067903154 0 0 0 0 0 0 0 0 0 901 246 0
1148 0.169359831975622 0 0 0 0 0 0 0 0 0 900 248 0
1149 0.170239228723505 0 0 0 0 0 0 0 0 0 899 250 0
1150 0.171112287334594 0 0 0 0 0 0 0 0 0 898 252 0
1151 0.171432539679544 0 1 1 1 0 0 0 0 0 4 1144 0
1152 0.170457628038194 0 1 1 1 0 0 0 0 0 3 1146 0
1153 0.169482830340399 0 1 1 1 0 0 0 0 0 2 1148 0
1154 0.168508150386419 0 1 1 1 0 0 0 0 0 1 1150 0
1155 0.167533591949176 0 1 1 1 0 0 0 0 0 0 1152 0
1156 0.169187988649561 0 1 1 1 0 0 0 0 0 0 1151 2
1157 0.170833429823651 0 1 1 1 0 0 0 0 0 0 1150 4
1158 0.172469954450679 0 1 1 1 0 0 0 0 0 0 1149 6
1159 0.174097601320945 0 1 1 1 0 0 0 0 0 0 1148 8
1160 0.175716409036861 0 1 1 1 0 0 0 0 0 0 1147 10
1161 0.177326416013995 0 1 1 1 0 0 0 0 0 0 1146 12
1162 0.178927660482105 0 1 1 1 0 0 0 0 0 0 1145 14
1163 0.180520180486171 0 1 1 1 0 0 0 0 0 0 1144 16
1164 0.182104013887413 0 1 1 1 0 0 0 0 0 0 1143 18
1165 0.183467000681538 0 0 0 0 0 0 0 0 0 883 282 0
1166 0.184242502699411 0 0 0 0 0 0 0 0 0 882 284 0
1167 0.185012141224432 0 0 0 0 0 0 0 0 0 881 286 0
1168 0.18577594295365 0 0 0 0 0 0 0 0 0 880 288 0
1169 0.186533934452981 0 0 0 0 0 0 0 0 0 879 290 0
1170 0.187286142157937 0 0 0 0 0 0 0 0 0 878 292 0
1171 0.188032592374353 0 0 0 0 0 0 0 0 0 877 294 0
1172 0.188010343743084 0 1 1 0 1 1 0 0 0 16 1152 0
1173 0.187061977761934 0 1 1 0 1 1 0 0 0 15 1154 0
1174 0.186113666638612 0 1 1 0 1 1 0 0 0 14 1156 0
1175 0.185165414214577 0 1 1 0 1 1 0 0 0 13 1158 0
1176 0.184217224304688 0 1 1 0 1 1 0 0 0 12 1160 0
1177 0.183269100697379 0 1 1 0 1 1 0 0 0 11 1162 0
1178 0.182321047154828 0 1 1 0 1 1 0 0 0 10 1164 0
1179 0.181373067413119 0 1 1 0 1 1 0 0 0 9 1166 0
1180 0.180425165182419 0 1 1 0 1 1 0 0 0 8 1168 0
1181 0.179477344147133 0 1 1 0 1 1 0 0 0 7 1170 0
1182 0.178529607966079 0 1 1 0 1 1 0 0 0 6 1172 0
1183 0.177581960272642 0 1 1 0 1 1 0 0 0 5 1174 0
1184 0.176634404674945 0 1 1 0 1 1 0 0 0 4 1176 0
1185 0.175686944756004 0 1 1 0 1 1 0 0 0 3 1178 0
1186 0.174739584073892 0 1 1 0 1 1 0 0 0 2 1180 0
1187 0.173792326161896 0 1 1 0 1 1 0 0 0 1 1182 0
1188 0.172845174528676 0 1 1 0 1 1 0 0 0 0 1184 0
1189 0.17445875105484 0 1 1 0 1 1 0 0 0 0 1183 2
1190 0.174561118565073 0 1 1 0 1 0 0 0 0 29 1158 0
1191 0.173649135941898 0 1 1 0 1 0 0 0 0 28 1160 0
1192 0.172737151479663 0 1 1 0 1 0 0 0 0 27 1162 0
1193 0.171825169032263 0 1 1 0 1 0 0 0 0 26 1164 0
1194 0.170913192427801 0 1 1 0 1 0 0 0 0 25 1166 0
1195 0.170001225468742 0 1 1 0 1 0 0 0 0 24 1168 0
1196 0.169089271932081 0 1 1 0 1 0 0 0 0 23 1170 0
1197 0.1681773355695 0 1 1 0 1 0 0 0 0 22 1172 0
1198 0.167265420107525 0 1 1 0 1 0 0 0 0 21 1174 0
1199 0.166353529247684 0 1 1 0 1 0 0 0 0 20 1176 0
1200 0.165441666666667 0 1 1 0 1 0 0 0 0 19 1178 0
1201 0.164529836016475 0 1 1 0 1 0 0 0 0 18 1180 0
1202 0.163618040924582 0 1 1 0 1 0 0 0 0 17 1182 0
1203 0.162706284994082 0 1 1 0 1 0 0 0 0 16 1184 0
1204 0.161794571803843 0 1 1 0 1 0 0 0 0 15 1186 0
1205 0.160882904908662 0 1 1 0 1 0 0 0 0 14 1188 0
1206 0.15997128783941 0 1 1 0 1 0 0 0 0 13 1190 0
1207 0.159059724103184 0 1 1 0 1 0 0 0 0 12 1192 0
1208 0.158148217183457 0 1 1 0 1 0 0 0 0 11 1194 0
1209 0.15723677054022 0 1 1 0 1 0 0 0 0 10 1196 0
1210 0.156325387610136 0 1 1 0 1 0 0 0 0 9 1198 0
1211 0.155414071806677 0 1 1 0 1 0 0 0 0 8 1200 0
1212 0.154502826520276 0 1 1 0 1 0 0 0 0 7 1202 0
1213 0.153591655118465 0 1 1 0 1 0 0 0 0 6 1204 0
1214 0.15268056094602 0 1 1 0 1 0 0 0 0 5 1206 0
1215 0.151769547325103 0 1 1 0 1 0 0 0 0 4 1208 0
1216 0.150858617555402 0 1 1 0 1 0 0 0 0 3 1210 0
1217 0.149947774914269 0 1 1 0 1 0 0 0 0 2 1212 0
1218 0.149037022656863 0 1 1 0 1 0 0 0 0 1 1214 0
1219 0.148126364016283 0 1 1 0 1 0 0 0 0 0 1216 0
1220 0.149703708680462 0 1 1 0 1 0 0 0 0 0 1215 2
1221 0.151273006309861 0 1 1 0 1 0 0 0 0 0 1214 4
1222 0.152834290061368 0 1 1 0 1 0 0 0 0 0 1213 6
1223 0.15438759293963 0 1 1 0 1 0 0 0 0 0 1212 8
1224 0.155932947797855 0 1 1 0 1 0 0 0 0 0 1211 10
1225 0.157470387338609 0 1 1 0 1 0 0 0 0 0 1210 12
1226 0.157584180706764 0 1 1 0 0 1 0 0 0 25 1198 0
1227 0.156703723408848 0 1 1 0 0 1 0 0 0 24 1200 0
1228 0.155823271334444 0 1 1 0 0 1 0 0 0 23 1202 0
1229 0.154942827955544 0 1 1 0 0 1 0 0 0 22 1204 0
1230 0.154062396721528 0 1 1 0 0 1 0 0 0 21 1206 0
1231 0.153181981059299 0 1 1 0 0 1 0 0 0 20 1208 0
1232 0.152301584373419 0 1 1 0 0 1 0 0 0 19 1210 0
1233 0.151421210046248 0 1 1 0 0 1 0 0 0 18 1212 0
1234 0.150540861438077 0 1 1 0 0 1 0 0 0 17 1214 0
1235 0.149660541887263 0 1 1 0 0 1 0 0 0 16 1216 0
1236 0.148780254710361 0 1 1 0 0 1 0 0 0 15 1218 0
1237 0.147900003202261 0 1 1 0 0 1 0 0 0 14 1220 0
1238 0.147019790636312 0 1 1 0 0 1 0 0 0 13 1222 0
1239 0.146139620264461 0 1 1 0 0 1 0 0 0 12 1224 0
1240 0.145259495317378 0 1 1 0 0 1 0 0 0 11 1226 0
1241 0.144379419004585 0 1 1 0 0 1 0 0 0 10 1228 0
1242 0.143499394514587 0 1 1 0 0 1 0 0 0 9 1230 0
1243 0.142619425015 0 1 1 0 0 1 0 0 0 8 1232 0
1244 0.141739513652671 0 1 1 0 0 1 0 0 0 7 1234 0
1245 0.140859663553814 0 1 1 0 0 1 0 0 0 6 1236 0
1246 0.139979877824125 0 1 1 0 0 1 0 0 0 5 1238 0
1247 0.139100159548916 0 1 1 0 0 1 0 0 0 4 1240 0
1248 0.138220511793228 0 1 1 0 0 1 0 0 0 3 1242 0
1249 0.137340937601963 0 1 1 0 0 1 0 0 0 2 1244 0
1250 0.13646144 0 1 1 0 0 1 0 0 0 1 1246 0
1251 0.135582021992318 0 1 1 0 0 1 0 0 0 0 1248 0
1252 0.137125008931397 0 1 1 0 0 1 0 0 0 0 1247 2
1253 0.137518956897699 0 1 1 0 0 0 0 0 0 29 1222 0
1254 0.136670787451447 0 1 1 0 0 0 0 0 0 28 1224 0
1255 0.135822605990381 0 1 1 0 0 0 0 0 0 27 1226 0
1256 0.134974415797801 0 1 1 0 0 0 0 0 0 26 1228 0
1257 0.134126220136211 0 1 1 0 0 0 0 0 0 25 1230 0
1258 0.133278022247442 0 1 1 0 0 0 0 0 0 24 1232 0
1259 0.132429825352774 0 1 1 0 0 0 0 0 0 23 1234 0
1260 0.131581632653061 0 1 1 0 0 0 0 0 0 22 1236 0
1261 0.130733447328851 0 1 1 0 0 0 0 0 0 21 1238 0
1262 0.129885272540505 0 1 1 0 0 0 0 0 0 20 1240 0
1263 0.129037111428319 0 1 1 0 0 0 0 0 0 19 1242 0
1264 0.128188967112642 0 1 1 0 0 0 0 0 0 18 1244 0
1265 0.127340842693996 0 1 1 0 0 0 0 0 0 17 1246 0
1266 0.126492741253191 0 1 1 0 0 0 0 0 0 16 1248 0
1267 0.125644665851445 0 1 1 0 0 0 0 0 0 15 1250 0
1268 0.124796619530496 0 1 1 0 0 0 0 0 0 14 1252 0
1269 0.123948605312722 0 1 1 0 0 0 0 0 0 13 1254 0
1270 0.123100626201252 0 1 1 0 0 0 0 0 0 12 1256 0
1271 0.122252685180084 0 1 1 0 0 0 0 0 0 11 1258 0
1272 0.121404785214192 0 1 1 0 0 0 0 0 0 10 1260 0
1273 0.120556929249646 0 1 1 0 0 0 0 0 0 9 1262 0
1274 0.119709120213718 0 1 1 0 0 0 0 0 0 8 1264 0
1275 0.118861361014994 0 1 1 0 0 0 0 0 0 7 1266 0
1276 0.118013654543489 0 1 1 0 0 0 0 0 0 6 1268 0
1277 0.117166003670751 0 1 1 0 0 0 0 0 0 5 1270 0
1278 0.116318411249972 0 1 1 0 0 0 0 0 0 4 1272 0
1279 0.115470880116099 0 1 1 0 0 0 0 0 0 3 1274 0
1280 0.114623413085938 0 1 1 0 0 0 0 0 0 2 1276 0
1281 0.11377601295826 0 1 1 0 0 0 0 0 0 1 1278 0
1282 0.112928682513915 0 1 1 0 0 0 0 0 0 0 1280 0
1283 0.114438526713926 0 1 1 0 0 0 0 0 0 0 1279 2
1284 0.115941105967527 0 1 1 0 0 0 0 0 0 0 1278 4
1285 0.117436448697179 0 1 1 0 0 0 0 0 0 0 1277 6
1286 0.118924583201314 0 1 1 0 0 0 0 0 0 0 1276 8
1287 0.120405537654955 0 1 1 0 0 0 0 0 0 0 1275 10
1288 0.121879340110335 0 1 1 0 0 0 0 0 0 0 1274 12
1289 0.123346018497509 0 1 1 0 0 0 0 0 0 0 1273 14
1290 0.124805600624962 0 1 1 0 0 0 0 0 0 0 1272 16
1291 0.126258114180218 0 1 1 0 0 0 0 0 0 0 1271 18
1292 0.127703586730439 0 1 1 0 0 0 0 0 0 0 1270 20
1293 0.129142045723029 0 1 1 0 0 0 0 0 0 0 1269 22
1294 0.130573518486225 0 1 1 0 0 0 0 0 0 0 1268 24
1295 0.131998032229693 0 1 1 0 0 0 0 0 0 0 1267 26
1296 0.133415614045115 0 1 1 0 0 0 0 0 0 0 1266 28
1297 0.134826290906778 0 1 1 0 0 0 0 0 0 0 1265 30
1298 0.136230089672152 0 1 1 0 0 0 0 0 0 0 1264 32
1299 0.137627037082472 0 1 1 0 0 0 0 0 0 0 1263 34
1300 0.139017159763314 0 1 1 0 0 0 0 0 0 0 1262 36
1301 0.140400484225166 0 1 1 0 0 0 0 0 0 0 1261 38
1302 0.141777036864 0 1 1 0 0 0 0 0 0 0 1260 40
1303 0.143146843961836 0 1 1 0 0 0 0 0 0 0 1259 42
1304 0.144509931687305 0 1 1 0 0 0 0 0 0 0 1258 44
1305 0.145866326096211 0 1 1 0 0 0 0 0 0 0 1257 46
1306 0.147216053132087 0 1 1 0 0 0 0 0 0 0 1256 48
1307 0.148559138626746 0 1 1 0 0 0 0 0 0 0 1255 50
1308 0.149895608300835 0 1 1 0 0 0 0 0 0 0 1254 52
1309 0.150585854176381 0 1 0 1 1 1 0 0 0 7 1298 0
1310 0.149747100984791 0 1 0 1 1 1 0 0 0 6 1300 0
1311 0.14890840339997 0 1 0 1 1 1 0 0 0 5 1302 0
1312 0.148069764091315 0 1 0 1 1 1 0 0 0 4 1304 0
1313 0.147231185711576 0 1 0 1 1 1 0 0 0 3 1306 0
1314 0.146392670896956 0 1 0 1 1 1 0 0 0 2 1308 0
1315 0.145554222267201 0 1 0 1 1 1 0 0 0 1 1310 0
1316 0.144715842425698 0 1 0 1 1 1 0 0 0 0 1312 0
1317 0.146184841760311 0 1 0 1 1 1 0 0 0 0 1311 2
1318 0.146454139140326 0 1 0 1 1 0 0 0 0 29 1286 0
1319 0.145644143074825 0 1 0 1 1 0 0 0 0 28 1288 0
1320 0.144834136822773 0 1 0 1 1 0 0 0 0 27 1290 0
1321 0.144024123215443 0 1 0 1 1 0 0 0 0 26 1292 0
1322 0.143214105067049 0 1 0 1 1 0 0 0 0 25 1294 0
1323 0.142404085174844 0 1 0 1 1 0 0 0 0 24 1296 0
1324 0.141594066319219 0 1 0 1 1 0 0 0 0 23 1298 0
1325 0.140784051263795 0 1 0 1 1 0 0 0 0 22 1300 0
1326 0.139974042755517 0 1 0 1 1 0 0 0 0 21 1302 0
1327 0.139164043524753 0 1 0 1 1 0 0 0 0 20 1304 0
1328 0.138354056285382 0 1 0 1 1 0 0 0 0 19 1306 0
1329 0.137544083734892 0 1 0 1 1 0 0 0 0 18 1308 0
1330 0.136734128554469 0 1 0 1 1 0 0 0 0 17 1310 0
1331 0.135924193409089 0 1 0 1 1 0 0 0 0 16 1312 0
1332 0.135114280947614 0 1 0 1 1 0 0 0 0 15 1314 0
1333 0.134304393802877 0 1 0 1 1 0 0 0 0 14 1316 0
1334 0.133494534591775 0 1 0 1 1 0 0 0 0 13 1318 0
1335 0.132684705915359 0 1 0 1 1 0 0 0 0 12 1320 0
1336 0.131874910358923 0 1 0 1 1 0 0 0 0 11 1322 0
1337 0.131065150492093 0 1 0 1 1 0 0 0 0 10 1324 0
1338 0.130255428868914 0 1 0 1 1 0 0 0 0 9 1326 0
1339 0.129445748027939 0 1 0 1 1 0 0 0 0 8 1328 0
1340 0.128636110492315 0 1 0 1 1 0 0 0 0 7 1330 0
1341 0.12782651876987 0 1 0 1 1 0 0 0 0 6 1332 0
1342 0.1270169753532 0 1 0 1 1 0 0 0 0 5 1334 0
1343 0.126207482719753 0 1 0 1 1 0 0 0 0 4 1336 0
1344 0.125398043331916 0 1 0 1 1 0 0 0 0 3 1338 0
1345 0.124588659637097 0 1 0 1 1 0 0 0 0 2 1340 0
1346 0.123779334067812 0 1 0 1 1 0 0 0 0 1 1342 0
1347 0.122970069041765 0 1 0 1 1 0 0 0 0 0 1344 0
1348 0.124408949625338 0 1 0 1 1 0 0 0 0 0 1343 2
1349 0.125841232090762 0 1 0 1 1 0 0 0 0 0 1342 4
1350 0.127266941015089 0 1 0 1 1 0 0 0 0 0 1341 6
1351 0.128686100873274 0 1 0 1 1 0 0 0 0 0 1340 8
1352 0.130098736038654 0 1 0 1 1 0 0 0 0 0 1339 10
1353 0.131504870783439 0 1 0 1 1 0 0 0 0 0 1338 12
1354 0.131785245969598 0 1 0 1 0 1 0 0 0 25 1326 0
1355 0.131000394874797 0 1 0 1 0 1 0 0 0 24 1328 0
1356 0.130215539370524 0 1 0 1 0 1 0 0 0 23 1330 0
1357 0.129430682033551 0 1 0 1 0 1 0 0 0 22 1332 0
1358 0.128645825425504 0 1 0 1 0 1 0 0 0 21 1334 0
1359 0.12786097209295 0 1 0 1 0 1 0 0 0 20 1336 0
1360 0.127076124567474 0 1 0 1 0 1 0 0 0 19 1338 0
1361 0.126291285365765 0 1 0 1 0 1 0 0 0 18 1340 0
1362 0.125506456989699 0 1 0 1 0 1 0 0 0 17 1342 0
1363 0.124721641926418 0 1 0 1 0 1 0 0 0 16 1344 0
1364 0.123936842648412 0 1 0 1 0 1 0 0 0 15 1346 0
1365 0.1231520616136 0 1 0 1 0 1 0 0 0 14 1348 0
1366 0.12236730126541 0 1 0 1 0 1 0 0 0 13 1350 0
1367 0.121582564032859 0 1 0 1 0 1 0 0 0 12 1352 0
1368 0.120797852330632 0 1 0 1 0 1 0 0 0 11 1354 0
1369 0.120013168559158 0 1 0 1 0 1 0 0 0 10 1356 0
1370 0.119228515104694 0 1 0 1 0 1 0 0 0 9 1358 0
1371 0.118443894339398 0 1 0 1 0 1 0 0 0 8 1360 0
1372 0.117659308621408 0 1 0 1 0 1 0 0 0 7 1362 0
1373 0.116874760294919 0 1 0 1 0 1 0 0 0 6 1364 0
1374 0.116090251690259 0 1 0 1 0 1 0 0 0 5 1366 0
1375 0.115305785123967 0 1 0 1 0 1 0 0 0 4 1368 0
1376 0.114521362898864 0 1 0 1 0 1 0 0 0 3 1370 0
1377 0.113736987304134 0 1 0 1 0 1 0 0 0 2 1372 0
1378 0.112952660615393 0 1 0 1 0 1 0 0 0 1 1374 0
1379 0.112168385094768 0 1 0 1 0 1 0 0 0 0 1376 0
1380 0.113578554925436 0 1 0 1 0 1 0 0 0 0 1375 2
1381 0.114072173245992 0 1 0 1 0 0 0 0 0 29 1350 0
1382 0.113313409329376 0 1 0 1 0 0 0 0 0 28 1352 0
1383 0.112554628588338 0 1 0 1 0 0 0 0 0 27 1354 0
1384 0.111795833472552 0 1 0 1 0 0 0 0 0 26 1356 0
1385 0.111037026417652 0 1 0 1 0 0 0 0 0 25 1358 0
1386 0.110278209845309 0 1 0 1 0 0 0 0 0 24 1360 0
1387 0.109519386163308 0 1 0 1 0 0 0 0 0 23 1362 0
1388 0.108760557765616 0 1 0 1 0 0 0 0 0 22 1364 0
1389 0.108001727032464 0 1 0 1 0 0 0 0 0 21 1366 0
1390 0.107242896330418 0 1 0 1 0 0 0 0 0 20 1368 0
1391 0.106484068012451 0 1 0 1 0 0 0 0 0 19 1370 0
1392 0.105725244418021 0 1 0 1 0 0 0 0 0 18 1372 0
1393 0.104966427873137 0 1 0 1 0 0 0 0 0 17 1374 0
1394 0.104207620690436 0 1 0 1 0 0 0 0 0 16 1376 0
1395 0.103448825169255 0 1 0 1 0 0 0 0 0 15 1378 0
1396 0.102690043595701 0 1 0 1 0 0 0 0 0 14 1380 0
1397 0.101931278242722 0 1 0 1 0 0 0 0 0 13 1382 0
1398 0.101172531370177 0 1 0 1 0 0 0 0 0 12 1384 0
1399 0.10041380522491 0 1 0 1 0 0 0 0 0 11 1386 0
1400 0.0996551020408163 0 1 0 1 0 0 0 0 0 10 1388 0
1401 0.0988964240389117 0 1 0 1 0 0 0 0 0 9 1390 0
1402 0.0981377734274045 0 1 0 1 0 0 0 0 0 8 1392 0
1403 0.097379152401762 0 1 0 1 0 0 0 0 0 7 1394 0
1404 0.0966205631447797 0 1 0 1 0 0 0 0 0 6 1396 0
1405 0.0958620078266486 0 1 0 1 0 0 0 0 0 5 1398 0
1406 0.0951034886050234 0 1 0 1 0 0 0 0 0 4 1400 0
1407 0.0943450076250891 0 1 0 1 0 0 0 0 0 3 1402 0
1408 0.0935865670196281 0 1 0 1 0 0 0 0 0 2 1404 0
1409 0.0928281689090864 0 1 0 1 0 0 0 0 0 1 1406 0
1410 0.0920698154016397 0 1 0 1 0 0 0 0 0 0 1408 0
1411 0.0934522263816595 0 1 0 1 0 0 0 0 0 0 1407 2
1412 0.0948286239356706 0 1 0 1 0 0 0 0 0 0 1406 4
1413 0.0961990294349957 0 1 0 1 0 0 0 0 0 0 1405 6
1414 0.0975634641661782 0 1 0 1 0 0 0 0 0 0 1404 8
1415 0.0989219493313689 0 1 0 1 0 0 0 0 0 0 1403 10
1416 0.100274506048709 0 1 0 1 0 0 0 0 0 0 1402 12
1417 0.101621155352711 0 1 0 1 0 0 0 0 0 0 1401 14
1418 0.10296191819464 0 1 0 1 0 0 0 0 0 0 1400 16
1419 0.104296815442889 0 1 0 1 0 0 0 0 0 0 1399 18
1420 0.105625867883357 0 1 0 1 0 0 0 0 0 0 1398 20
1421 0.106949096219817 0 1 0 1 0 0 0 0 0 0 1397 22
1422 0.108266521074298 0 1 0 1 0 0 0 0 0 0 1396 24
1423 0.109578162987443 0 1 0 1 0 0 0 0 0 0 1395 26
1424 0.110884042418886 0 1 0 1 0 0 0 0 0 0 1394 28
1425 0.111569590643275 0 1 0 0 1 1 0 0 0 18 1404 0
1426 0.110827469810315 0 1 0 0 1 1 0 0 0 17 1406 0
1427 0.11008535457679 0 1 0 0 1 1 0 0 0 16 1408 0
1428 0.109343247102763 0 1 0 0 1 1 0 0 0 15 1410 0
1429 0.108601149536175 0 1 0 0 1 1 0 0 0 14 1412 0
1430 0.10785906401291 0 1 0 0 1 1 0 0 0 13 1414 0
1431 0.107116992656858 0 1 0 0 1 1 0 0 0 12 1416 0
1432 0.106374937579976 0 1 0 0 1 1 0 0 0 11 1418 0
1433 0.105632900882352 0 1 0 0 1 1 0 0 0 10 1420 0
1434 0.104890884652268 0 1 0 0 1 1 0 0 0 9 1422 0
1435 0.104148890966262 0 1 0 0 1 1 0 0 0 8 1424 0
1436 0.103406921889185 0 1 0 0 1 1 0 0 0 7 1426 0
1437 0.102664979474268 0 1 0 0 1 1 0 0 0 6 1428 0
1438 0.101923065763181 0 1 0 0 1 1 0 0 0 5 1430 0
1439 0.101181182786092 0 1 0 0 1 1 0 0 0 4 1432 0
1440 0.100439332561728 0 1 0 0 1 1 0 0 0 3 1434 0
1441 0.0996975170974355 0 1 0 0 1 1 0 0 0 2 1436 0
1442 0.0989557383892382 0 1 0 0 1 1 0 0 0 1 1438 0
1443 0.0982139984218986 0 1 0 0 1 1 0 0 0 0 1440 0
1444 0.0995676061417576 0 1 0 0 1 1 0 0 0 0 1439 2
1445 0.100110870320039 0 1 0 0 1 0 0 0 0 29 1414 0
1446 0.0993923237471041 0 1 0 0 1 0 0 0 0 28 1416 0
1447 0.0986737567753315 0 1 0 0 1 0 0 0 0 27 1418 0
1448 0.0979551715454351 0 1 0 0 1 0 0 0 0 26 1420 0
1449 0.0972365701864307 0 1 0 0 1 0 0 0 0 25 1422 0
1450 0.0965179548156956 0 1 0 0 1 0 0 0 0 24 1424 0
1451 0.0957993275390294 0 1 0 0 1 0 0 0 0 23 1426 0
1452 0.095080690450713 0 1 0 0 1 0 0 0 0 22 1428 0
1453 0.0943620456335682 0 1 0 0 1 0 0 0 0 21 1430 0
1454 0.0936433951590168 0 1 0 0 1 0 0 0 0 20 1432 0
1455 0.0929247410871388 0 1 0 0 1 0 0 0 0 19 1434 0
1456 0.0922060854667311 0 1 0 0 1 0 0 0 0 18 1436 0
1457 0.0914874303353654 0 1 0 0 1 0 0 0 0 17 1438 0
1458 0.0907687777194458 0 1 0 0 1 0 0 0 0 16 1440 0
1459 0.0900501296342665 0 1 0 0 1 0 0 0 0 15 1442 0
1460 0.0893314880840683 0 1 0 0 1 0 0 0 0 14 1444 0
1461 0.0886128550620959 0 1 0 0 1 0 0 0 0 13 1446 0
1462 0.087894232550654 0 1 0 0 1 0 0 0 0 12 1448 0
1463 0.0871756225211634 0 1 0 0 1 0 0 0 0 11 1450 0
1464 0.0864570269342172 0 1 0 0 1 0 0 0 0 10 1452 0
1465 0.0857384477396359 0 1 0 0 1 0 0 0 0 9 1454 0
1466 0.0850198868765227 0 1 0 0 1 0 0 0 0 8 1456 0
1467 0.0843013462733186 0 1 0 0 1 0 0 0 0 7 1458 0
1468 0.0835828278478569 0 1 0 0 1 0 0 0 0 6 1460 0
1469 0.0828643335074174 0 1 0 0 1 0 0 0 0 5 1462 0
1470 0.0821458651487806 0 1 0 0 1 0 0 0 0 4 1464 0
1471 0.0814274246582813 0 1 0 0 1 0 0 0 0 3 1466 0
1472 0.080709013911862 0 1 0 0 1 0 0 0 0 2 1468 0
1473 0.0799906347751263 0 1 0 0 1 0 0 0 0 1 1470 0
1474 0.0792722891033914 0 1 0 0 1 0 0 0 0 0 1472 0
1475 0.0806002872737719 0 1 0 0 1 0 0 0 0 0 1471 2
1476 0.0819227789161361 0 1 0 0 1 0 0 0 0 0 1470 4
1477 0.0832397827395372 0 1 0 0 1 0 0 0 0 0 1469 6
1478 0.0845513173820454 0 1 0 0 1 0 0 0 0 0 1468 8
1479 0.0858574014110551 0 1 0 0 1 0 0 0 0 0 1467 10
1480 0.0871580533235938 0 1 0 0 1 0 0 0 0 0 1466 12
1481 0.0877602911695795 0 1 0 0 0 1 0 0 0 25 1454 0
1482 0.0870618360496903 0 1 0 0 0 1 0 0 0 24 1456 0
1483 0.0863633656149783 0 1 0 0 0 1 0 0 0 23 1458 0
1484 0.0856648818302686 0 1 0 0 0 1 0 0 0 22 1460 0
1485 0.0849663866498883 0 1 0 0 0 1 0 0 0 21 1462 0
1486 0.0842678820177195 0 1 0 0 0 1 0 0 0 20 1464 0
1487 0.0835693698672512 0 1 0 0 0 1 0 0 0 19 1466 0
1488 0.0828708521216326 0 1 0 0 0 1 0 0 0 18 1468 0
1489 0.082172330693724 0 1 0 0 0 1 0 0 0 17 1470 0
1490 0.0814738074861493 0 1 0 0 0 1 0 0 0 16 1472 0
1491 0.080775284391347 0 1 0 0 0 1 0 0 0 15 1474 0
1492 0.0800767632916214 0 1 0 0 0 1 0 0 0 14 1476 0
1493 0.0793782460591938 0 1 0 0 0 1 0 0 0 13 1478 0
1494 0.0786797345562527 0 1 0 0 0 1 0 0 0 12 1480 0
1495 0.0779812306350041 0 1 0 0 0 1 0 0 0 11 1482 0
1496 0.077282736137722 0 1 0 0 0 1 0 0 0 10 1484 0
1497 0.0765842528967978 0 1 0 0 0 1 0 0 0 9 1486 0
1498 0.0758857827347901 0 1 0 0 0 1 0 0 0 8 1488 0
1499 0.0751873274644737 0 1 0 0 0 1 0 0 0 7 1490 0
1500 0.0744888888888889 0 1 0 0 0 1 0 0 0 6 1492 0
1501 0.0737904688013898 0 1 0 0 0 1 0 0 0 5 1494 0
1502 0.0730920689856933 0 1 0 0 0 1 0 0 0 4 1496 0
1503 0.072393691215927 0 1 0 0 0 1 0 0 0 3 1498 0
1504 0.0716953372566772 0 1 0 0 0 1 0 0 0 2 1500 0
1505 0.0709970088630368 0 1 0 0 0 1 0 0 0 1 1502 0
1506 0.0702987077806525 0 1 0 0 0 1 0 0 0 0 1504 0
1507 0.0716021538945217 0 1 0 0 0 1 0 0 0 0 1503 2
1508 0.0723093105559034 0 1 0 0 0 0 0 0 0 29 1478 0
1509 0.0716320587629513 0 1 0 0 0 0 0 0 0 28 1480 0
1510 0.07095478268497 0 1 0 0 0 0 0 0 0 27 1482 0
1511 0.0702774841981656 0 1 0 0 0 0 0 0 0 26 1484 0
1512 0.0696001651689482 0 1 0 0 0 0 0 0 0 25 1486 0
1513 0.06892282745398 0 1 0 0 0 0 0 0 0 24 1488 0
1514 0.0682454729002232 0 1 0 0 0 0 0 0 0 23 1490 0
1515 0.067568103344988 0 1 0 0 0 0 0 0 0 22 1492 0
1516 0.0668907206159801 0 1 0 0 0 0 0 0 0 21 1494 0
1517 0.0662133265313483 0 1 0 0 0 0 0 0 0 20 1496 0
1518 0.0655359228997311 0 1 0 0 0 0 0 0 0 19 1498 0
1519 0.0648585115203039 0 1 0 0 0 0 0 0 0 18 1500 0
1520 0.0641810941828255 0 1 0 0 0 0 0 0 0 17 1502 0
1521 0.0635036726676842 0 1 0 0 0 0 0 0 0 16 1504 0
1522 0.0628262487459443 0 1 0 0 0 0 0 0 0 15 1506 0
1523 0.0621488241793916 0 1 0 0 0 0 0 0 0 14 1508 0
1524 0.0614714007205792 0 1 0 0 0 0 0 0 0 13 1510 0
1525 0.0607939801128729 0 1 0 0 0 0 0 0 0 12 1512 0
1526 0.0601165640904961 0 1 0 0 0 0 0 0 0 11 1514 0
1527 0.0594391543785749 0 1 0 0 0 0 0 0 0 10 1516 0
1528 0.0587617526931828 0 1 0 0 0 0 0 0 0 9 1518 0
1529 0.0580843607413849 0 1 0 0 0 0 0 0 0 8 1520 0
1530 0.0574069802212824 0 1 0 0 0 0 0 0 0 7 1522 0
1531 0.0567296128220563 0 1 0 0 0 0 0 0 0 6 1524 0
1532 0.0560522602240113 0 1 0 0 0 0 0 0 0 5 1526 0
1533 0.0553749240986192 0 1 0 0 0 0 0 0 0 4 1528 0
1534 0.0546976061085623 0 1 0 0 0 0 0 0 0 3 1530 0
1535 0.0540203079077762 0 1 0 0 0 0 0 0 0 2 1532 0
1536 0.0533430311414931 0 1 0 0 0 0 0 0 0 1 1534 0
1537 0.0526657774462838 0 1 0 0 0 0 0 0 0 0 1536 0
1538 0.0539454749298653 0 1 0 0 0 0 0 0 0 0 1535 2
1539 0.0552201141556272 0 1 0 0 0 0 0 0 0 0 1534 4
1540 0.0564897115871141 0 1 0 0 0 0 0 0 0 0 1533 6
1541 0.0577542836279905 0 1 0 0 0 0 0 0 0 0 1532 8
1542 0.0590138466222888 0 1 0 0 0 0 0 0 0 0 1531 10
1543 0.0602684168546598 0 1 0 0 0 0 0 0 0 0 1530 12
1544 0.0615180105506188 0 1 0 0 0 0 0 0 0 0 1529 14
1545 0.0627626438767922 0 1 0 0 0 0 0 0 0 0 1528 16
1546 0.0640023329411628 0 1 0 0 0 0 0 0 0 0 1527 18
1547 0.0652370937933127 0 1 0 0 0 0 0 0 0 0 1526 20
1548 0.0664669424246673 0 1 0 0 0 0 0 0 0 0 1525 22
1549 0.067691894768736 0 1 0 0 0 0 0 0 0 0 1524 24
1550 0.0689119667013528 0 1 0 0 0 0 0 0 0 0 1523 26
1551 0.0701271740409154 0 1 0 0 0 0 0 0 0 0 1522 28
1552 0.0713375325486237 0 1 0 0 0 0 0 0 0 0 1521 30
1553 0.0725430579287166 0 1 0 0 0 0 0 0 0 0 1520 32
1554 0.0737437658287079 0 1 0 0 0 0 0 0 0 0 1519 34
1555 0.0749396718396211 0 1 0 0 0 0 0 0 0 0 1518 36
1556 0.0761307914962231 0 1 0 0 0 0 0 0 0 0 1517 38
1557 0.077317140277257 0 1 0 0 0 0 0 0 0 0 1516 40
1558 0.0784987336056727 0 1 0 0 0 0 0 0 0 0 1515 42
1559 0.0796755868488583 0 1 0 0 0 0 0 0 0 0 1514 44
1560 0.0808477153188693 0 1 0 0 0 0 0 0 0 0 1513 46
1561 0.0820151342726557 0 1 0 0 0 0 0 0 0 0 1512 48
1562 0.0831778589122911 0 1 0 0 0 0 0 0 0 0 1511 50
1563 0.0843359043851968 0 1 0 0 0 0 0 0 0 0 1510 52
1564 0.0854892857843682 0 1 0 0 0 0 0 0 0 0 1509 54
1565 0.086638018148598 0 1 0 0 0 0 0 0 0 0 1508 56
1566 0.0877821164626995 0 1 0 0 0 0 0 0 0 0 1507 58
1567 0.0889215956577285 0 1 0 0 0 0 0 0 0 0 1506 60
1568 0.0900564706112036 0 1 0 0 0 0 0 0 0 0 1505 62
1569 0.0911867561473271 0 1 0 0 0 0 0 0 0 0 1504 64
1570 0.0923124670372024 0 1 0 0 0 0 0 0 0 0 1503 66
1571 0.0934336179990527 0 1 0 0 0 0 0 0 0 0 1502 68
1572 0.0945502236984378 0 1 0 0 0 0 0 0 0 0 1501 70
1573 0.0956622987484688 0 1 0 0 0 0 0 0 0 0 1500 72
1574 0.0967698577100241 0 1 0 0 0 0 0 0 0 0 1499 74
1575 0.0978729150919626 0 1 0 0 0 0 0 0 0 0 1498 76
1576 0.0989714853513362 0 1 0 0 0 0 0 0 0 0 1497 78
1577 0.100065582893601 0 1 0 0 0 0 0 0 0 0 1496 80
1578 0.10115522207283 0 1 0 0 0 0 0 0 0 0 1495 82
1579 0.10224041719192 0 1 0 0 0 0 0 0 0 0 1494 84
1580 0.103321182502804 0 1 0 0 0 0 0 0 0 0 1493 86
1581 0.104397532206655 0 1 0 0 0 0 0 0 0 0 1492 88
1582 0.105469480454097 0 1 0 0 0 0 0 0 0 0 1491 90
1583 0.106088497934266 0 0 1 1 1 0 0 0 0 20 1560 0
1584 0.105422916028977 0 0 1 1 1 0 0 0 0 19 1562 0
1585 0.104757336623909 0 0 1 1 1 0 0 0 0 18 1564 0
1586 0.104091761297227 0 0 1 1 1 0 0 0 0 17 1566 0
1587 0.10342619161913 0 0 1 1 1 0 0 0 0 16 1568 0
1588 0.102760629151889 0 0 1 1 1 0 0 0 0 15 1570 0
1589 0.102095075449885 0 0 1 1 1 0 0 0 0 14 1572 0
1590 0.10142953205965 0 0 1 1 1 0 0 0 0 13 1574 0
1591 0.100764000519895 0 0 1 1 1 0 0 0 0 12 1576 0
1592 0.100098482361557 0 0 1 1 1 0 0 0 0 11 1578 0
1593 0.0994329791078278 0 0 1 1 1 0 0 0 0 10 1580 0
1594 0.0987674922741964 0 0 1 1 1 0 0 0 0 9 1582 0
1595 0.098102023368481 0 0 1 1 1 0 0 0 0 8 1584 0
1596 0.0974365738908675 0 0 1 1 1 0 0 0 0 7 1586 0
1597 0.0967711453339445 0 0 1 1 1 0 0 0 0 6 1588 0
1598 0.0961057391827394 0 0 1 1 1 0 0 0 0 5 1590 0
1599 0.095440356914754 0 0 1 1 1 0 0 0 0 4 1592 0
1600 0.094775 0 0 1 1 1 0 0 0 0 3 1594 0
1601 0.0941096699010339 0 0 1 1 1 0 0 0 0 2 1596 0
1602 0.0934443680729924 0 0 1 1 1 0 0 0 0 1 1598 0
1603 0.0927790959636272 0 0 1 1 1 0 0 0 0 0 1600 0
1604 0.0939993376906858 0 0 1 1 1 0 0 0 0 0 1599 2
1605 0.0952149144515291 0 0 1 1 1 0 0 0 0 0 1598 4
1606 0.0964258408303855 0 0 1 1 1 0 0 0 0 0 1597 6
1607 0.0976321313605806 0 0 1 1 1 0 0 0 0 0 1596 8
1608 0.0988338005247396 0 0 1 1 1 0 0 0 0 0 1595 10
1609 0.10003086275499 0 0 1 1 1 0 0 0 0 0 1594 12
1610 0.1004610161645 0 0 1 1 0 1 0 0 0 25 1582 0
1611 0.0998127013960893 0 0 1 1 0 1 0 0 0 24 1584 0
1612 0.0991643782056413 0 0 1 1 0 1 0 0 0 23 1586 0
1613 0.0985160481195679 0 0 1 1 0 1 0 0 0 22 1588 0
1614 0.0978677126567565 0 0 1 1 0 1 0 0 0 21 1590 0
1615 0.0972193733286047 0 0 1 1 0 1 0 0 0 20 1592 0
1616 0.096571031639055 0 0 1 1 0 1 0 0 0 19 1594 0
1617 0.0959226890846292 0 0 1 1 0 1 0 0 0 18 1596 0
1618 0.0952743471544629 0 0 1 1 0 1 0 0 0 17 1598 0
1619 0.0946260073303395 0 0 1 1 0 1 0 0 0 16 1600 0
1620 0.0939776710867246 0 0 1 1 0 1 0 0 0 15 1602 0
1621 0.0933293398907994 0 0 1 1 0 1 0 0 0 14 1604 0
1622 0.0926810152024947 0 0 1 1 0 1 0 0 0 13 1606 0
1623 0.0920326984745242 0 0 1 1 0 1 0 0 0 12 1608 0
1624 0.0913843911524182 0 0 1 1 0 1 0 0 0 11 1610 0
1625 0.0907360946745562 0 0 1 1 0 1 0 0 0 10 1612 0
1626 0.0900878104722007 0 0 1 1 0 1 0 0 0 9 1614 0
1627 0.0894395399695292 0 0 1 1 0 1 0 0 0 8 1616 0
1628 0.0887912845836679 0 0 1 1 0 1 0 0 0 7 1618 0
1629 0.0881430457247231 0 0 1 1 0 1 0 0 0 6 1620 0
1630 0.0874948247958147 0 0 1 1 0 1 0 0 0 5 1622 0
1631 0.0868466231931075 0 0 1 1 0 1 0 0 0 4 1624 0
1632 0.0861984423058439 0 0 1 1 0 1 0 0 0 3 1626 0
1633 0.0855502835163755 0 0 1 1 0 1 0 0 0 2 1628 0
1634 0.0849021482001951 0 0 1 1 0 1 0 0 0 1 1630 0
1635 0.0842540377259677 0 0 1 1 0 1 0 0 0 0 1632 0
1636 0.0854535183314304 0 0 1 1 0 1 0 0 0 0 1631 2
1637 0.0860215936522887 0 0 1 1 0 0 0 0 0 29 1606 0
1638 0.0853914434500515 0 0 1 1 0 0 0 0 0 28 1608 0
1639 0.0847612775986191 0 0 1 1 0 0 0 0 0 27 1610 0
1640 0.0841310975609756 0 0 1 1 0 0 0 0 0 26 1612 0
1641 0.0835009047930451 0 0 1 1 0 0 0 0 0 25 1614 0
1642 0.0828707007437233 0 0 1 1 0 0 0 0 0 24 1616 0
1643 0.08224048685491 0 0 1 1 0 0 0 0 0 23 1618 0
1644 0.0816102645615406 0 0 1 1 0 0 0 0 0 22 1620 0
1645 0.0809800352916178 0 0 1 1 0 0 0 0 0 21 1622 0
1646 0.0803498004662431 0 0 1 1 0 0 0 0 0 20 1624 0
1647 0.0797195614996485 0 0 1 1 0 0 0 0 0 19 1626 0
1648 0.0790893197992271 0 0 1 1 0 0 0 0 0 18 1628 0
1649 0.0784590767655646 0 0 1 1 0 0 0 0 0 17 1630 0
1650 0.0778288337924702 0 0 1 1 0 0 0 0 0 16 1632 0
1651 0.077198592267007 0 0 1 1 0 0 0 0 0 15 1634 0
1652 0.0765683535695232 0 0 1 1 0 0 0 0 0 14 1636 0
1653 0.0759381190736819 0 0 1 1 0 0 0 0 0 13 1638 0
1654 0.0753078901464918 0 0 1 1 0 0 0 0 0 12 1640 0
1655 0.0746776681483375 0 0 1 1 0 0 0 0 0 11 1642 0
1656 0.0740474544330089 0 0 1 1 0 0 0 0 0 10 1644 0
1657 0.073417250347732 0 0 1 1 0 0 0 0 0 9 1646 0
1658 0.0727870572331977 0 0 1 1 0 0 0 0 0 8 1648 0
1659 0.0721568764235919 0 0 1 1 0 0 0 0 0 7 1650 0
1660 0.0715267092466251 0 0 1 1 0 0 0 0 0 6 1652 0
1661 0.070896557023561 0 0 1 1 0 0 0 0 0 5 1654 0
1662 0.0702664210692466 0 0 1 1 0 0 0 0 0 4 1656 0
1663 0.0696363026921404 0 0 1 1 0 0 0 0 0 3 1658 0
1664 0.0690062031943417 0 0 1 1 0 0 0 0 0 2 1660 0
1665 0.0683761238716194 0 0 1 1 0 0 0 0 0 1 1662 0
1666 0.0677460660134402 0 0 1 1 0 0 0 0 0 0 1664 0
1667 0.0689253870881494 0 0 1 1 0 0 0 0 0 0 1663 2
1668 0.0701003945045402 0 0 1 1 0 0 0 0 0 0 1662 4
1669 0.071271101225211 0 0 1 1 0 0 0 0 0 0 1661 6
1670 0.0724375201692424 0 0 1 1 0 0 0 0 0 0 1660 8
1671 0.0735996642123657 0 0 1 1 0 0 0 0 0 0 1659 10
1672 0.0747575461871295 0 0 1 1 0 0 0 0 0 0 1658 12
1673 0.0759111788830655 0 0 1 1 0 0 0 0 0 0 1657 14
1674 0.0770605750468547 0 0 1 1 0 0 0 0 0 0 1656 16
1675 0.0782057473824905 0 0 1 1 0 0 0 0 0 0 1655 18
1676 0.0793467085514438 0 0 1 1 0 0 0 0 0 0 1654 20
1677 0.0804834711728251 0 0 1 1 0 0 0 0 0 0 1653 22
1678 0.0816160478235483 0 0 1 1 0 0 0 0 0 0 1652 24
1679 0.0827444510384915 0 0 1 1 0 0 0 0 0 0 1651 26
1680 0.0838686933106576 0 0 1 1 0 0 0 0 0 0 1650 28
1681 0.0845839403969409 0 0 1 0 1 1 0 0 0 18 1660 0
1682 0.083965213260359 0 0 1 0 1 1 0 0 0 17 1662 0
1683 0.0833464843111483 0 0 1 0 1 1 0 0 0 16 1664 0
1684 0.082727754864845 0 0 1 0 1 1 0 0 0 15 1666 0
1685 0.0821090262307496 0 0 1 0 1 1 0 0 0 14 1668 0
1686 0.0814902997119534 0 0 1 0 1 1 0 0 0 13 1670 0
1687 0.0808715766053671 0 0 1 0 1 1 0 0 0 12 1672 0
1688 0.0802528582017475 0 0 1 0 1 1 0 0 0 11 1674 0
1689 0.0796341457857253 0 0 1 0 1 1 0 0 0 10 1676 0
1690 0.0790154406358321 0 0 1 0 1 1 0 0 0 9 1678 0
1691 0.0783967440245275 0 0 1 0 1 1 0 0 0 8 1680 0
1692 0.0777780572182262 0 0 1 0 1 1 0 0 0 7 1682 0
1693 0.0771593814773245 0 0 1 0 1 1 0 0 0 6 1684 0
1694 0.0765407180562273 0 0 1 0 1 1 0 0 0 5 1686 0
1695 0.0759220682033745 0 0 1 0 1 1 0 0 0 4 1688 0
1696 0.0753034331612673 0 0 1 0 1 1 0 0 0 3 1690 0
1697 0.0746848141664951 0 0 1 0 1 1 0 0 0 2 1692 0
1698 0.0740662124497607 0 0 1 0 1 1 0 0 0 1 1694 0
1699 0.0734476292359076 0 0 1 0 1 1 0 0 0 0 1696 0
1700 0.0746058823529412 0 0 1 0 1 1 0 0 0 0 1695 2
1701 0.0751987021501686 0 0 1 0 1 0 0 0 0 29 1670 0
1702 0.0745966934594125 0 0 1 0 1 0 0 0 0 28 1672 0
1703 0.0739946672808753 0 0 1 0 1 0 0 0 0 27 1674 0
1704 0.0733926249200996 0 0 1 0 1 0 0 0 0 26 1676 0
1705 0.0727905676765766 0 0 1 0 1 0 0 0 0 25 1678 0
1706 0.0721884968437719 0 0 1 0 1 0 0 0 0 24 1680 0
1707 0.0715864137091524 0 0 1 0 1 0 0 0 0 23 1682 0
1708 0.0709843195542124 0 0 1 0 1 0 0 0 0 22 1684 0
1709 0.0703822156544997 0 0 1 0 1 0 0 0 0 21 1686 0
1710 0.0697801032796416 0 0 1 0 1 0 0 0 0 20 1688 0
1711 0.0691779836933706 0 0 1 0 1 0 0 0 0 19 1690 0
1712 0.0685758581535505 0 0 1 0 1 0 0 0 0 18 1692 0
1713 0.0679737279122019 0 0 1 0 1 0 0 0 0 17 1694 0
1714 0.0673715942155276 0 0 1 0 1 0 0 0 0 16 1696 0
1715 0.066769458303938 0 0 1 0 1 0 0 0 0 15 1698 0
1716 0.0661673214120767 0 0 1 0 1 0 0 0 0 14 1700 0
1717 0.0655651847688452 0 0 1 0 1 0 0 0 0 13 1702 0
1718 0.0649630495974283 0 0 1 0 1 0 0 0 0 12 1704 0
1719 0.0643609171153189 0 0 1 0 1 0 0 0 0 11 1706 0
1720 0.0637587885343429 0 0 1 0 1 0 0 0 0 10 1708 0
1721 0.0631566650606835 0 0 1 0 1 0 0 0 0 9 1710 0
1722 0.0625545478949065 0 0 1 0 1 0 0 0 0 8 1712 0
1723 0.0619524382319841 0 0 1 0 1 0 0 0 0 7 1714 0
1724 0.0613503372613197 0 0 1 0 1 0 0 0 0 6 1716 0
1725 0.0607482461667717 0 0 1 0 1 0 0 0 0 5 1718 0
1726 0.0601461661266782 0 0 1 0 1 0 0 0 0 4 1720 0
1727 0.0595440983138806 0 0 1 0 1 0 0 0 0 3 1722 0
1728 0.0589420438957476 0 0 1 0 1 0 0 0 0 2 1724 0
1729 0.058340004034199 0 0 1 0 1 0 0 0 0 1 1726 0
1730 0.0577379798857296 0 0 1 0 1 0 0 0 0 0 1728 0
1731 0.0588774183084082 0 0 1 0 1 0 0 0 0 0 1727 2
1732 0.0600128540874398 0 0 1 0 1 0 0 0 0 0 1726 4
1733 0.0611442988004152 0 0 1 0 1 0 0 0 0 0 1725 6
1734 0.0622717639875001 0 0 1 0 1 0 0 0 0 0 1724 8
1735 0.0633952611515751 0 0 1 0 1 0 0 0 0 0 1723 10
1736 0.0645148017583725 0 0 1 0 1 0 0 0 0 0 1722 12
1737 0.0651518028986775 0 0 1 0 0 1 0 0 0 25 1710 0
1738 0.0645640466072798 0 0 1 0 0 1 0 0 0 24 1712 0
1739 0.0639762760815457 0 0 1 0 0 1 0 0 0 23 1714 0
1740 0.0633884925353415 0 0 1 0 0 1 0 0 0 22 1716 0
1741 0.0628006971770137 0 0 1 0 0 1 0 0 0 21 1718 0
1742 0.0622128912094126 0 0 1 0 0 1 0 0 0 20 1720 0
1743 0.0616250758299158 0 0 1 0 0 1 0 0 0 19 1722 0
1744 0.061037252230452 0 0 1 0 0 1 0 0 0 18 1724 0
1745 0.0604494215975238 0 0 1 0 0 1 0 0 0 17 1726 0
1746 0.0598615851122317 0 0 1 0 0 1 0 0 0 16 1728 0
1747 0.0592737439502963 0 0 1 0 0 1 0 0 0 15 1730 0
1748 0.0586858992820824 0 0 1 0 0 1 0 0 0 14 1732 0
1749 0.058098052272621 0 0 1 0 0 1 0 0 0 13 1734 0
1750 0.0575102040816326 0 0 1 0 0 1 0 0 0 12 1736 0
1751 0.0569223558635499 0 0 1 0 0 1 0 0 0 11 1738 0
1752 0.0563345087675403 0 0 1 0 0 1 0 0 0 10 1740 0
1753 0.0557466639375283 0 0 1 0 0 1 0 0 0 9 1742 0
1754 0.0551588225122184 0 0 1 0 0 1 0 0 0 8 1744 0
1755 0.0545709856251167 0 0 1 0 0 1 0 0 0 7 1746 0
1756 0.0539831544045537 0 0 1 0 0 1 0 0 0 6 1748 0
1757 0.0533953299737063 0 0 1 0 0 1 0 0 0 5 1750 0
1758 0.0528075134506194 0 0 1 0 0 1 0 0 0 4 1752 0
1759 0.0522197059482282 0 0 1 0 0 1 0 0 0 3 1754 0
1760 0.0516319085743802 0 0 1 0 0 1 0 0 0 2 1756 0
1761 0.0510441224318561 0 0 1 0 0 1 0 0 0 1 1758 0
1762 0.0504563486183923 0 0 1 0 0 1 0 0 0 0 1760 0
1763 0.0515776330051552 0 0 1 0 0 1 0 0 0 0 1759 2
1764 0.052281135432253 0 0 1 0 0 0 0 0 0 29 1734 0
1765 0.051708624577679 0 0 1 0 0 0 0 0 0 28 1736 0
1766 0.0511360940067129 0 0 1 0 0 0 0 0 0 27 1738 0
1767 0.0505635448864599 0 0 1 0 0 0 0 0 0 26 1740 0
1768 0.0499909783788211 0 0 1 0 0 0 0 0 0 25 1742 0
1769 0.0494183956405157 0 0 1 0 0 0 0 0 0 24 1744 0
1770 0.0488457978231032 0 0 1 0 0 0 0 0 0 23 1746 0
1771 0.0482731860730044 0 0 1 0 0 0 0 0 0 22 1748 0
1772 0.0477005615315237 0 0 1 0 0 0 0 0 0 21 1750 0
1773 0.0471279253348705 0 0 1 0 0 0 0 0 0 20 1752 0
1774 0.0465552786141803 0 0 1 0 0 0 0 0 0 19 1754 0
1775 0.0459826224955366 0 0 1 0 0 0 0 0 0 18 1756 0
1776 0.0454099580999919 0 0 1 0 0 0 0 0 0 17 1758 0
1777 0.0448372865435888 0 0 1 0 0 0 0 0 0 16 1760 0
1778 0.0442646089373811 0 0 1 0 0 0 0 0 0 15 1762 0
1779 0.0436919263874552 0 0 1 0 0 0 0 0 0 14 1764 0
1780 0.0431192399949501 0 0 1 0 0 0 0 0 0 13 1766 0
1781 0.0425465508560793 0 0 1 0 0 0 0 0 0 12 1768 0
1782 0.0419738600621504 0 0 1 0 0 0 0 0 0 11 1770 0
1783 0.0414011686995866 0 0 1 0 0 0 0 0 0 10 1772 0
1784 0.0408284778499467 0 0 1 0 0 0 0 0 0 9 1774 0
1785 0.0402557885899458 0 0 1 0 0 0 0 0 0 8 1776 0
1786 0.0396831019914753 0 0 1 0 0 0 0 0 0 7 1778 0
1787 0.0391104191216236 0 0 1 0 0 0 0 0 0 6 1780 0
1788 0.0385377410426958 0 0 1 0 0 0 0 0 0 5 1782 0
1789 0.037965068812234 0 0 1 0 0 0 0 0 0 4 1784 0
1790 0.0373924034830374 0 0 1 0 0 0 0 0 0 3 1786 0
1791 0.0368197461031817 0 0 1 0 0 0 0 0 0 2 1788 0
1792 0.0362470977160395 0 0 1 0 0 0 0 0 0 1 1790 0
1793 0.0356744593602997 0 0 1 0 0 0 0 0 0 0 1792 0
1794 0.0367781121016544 0 0 1 0 0 0 0 0 0 0 1791 2
1795 0.037878042535362 0 0 1 0 0 0 0 0 0 0 1790 4
1796 0.0389742610403718 0 0 1 0 0 0 0 0 0 0 1789 6
1797 0.0400667779632722 0 0 1 0 0 0 0 0 0 0 1788 8
1798 0.0411556036184069 0 0 1 0 0 0 0 0 0 0 1787 10
1799 0.0422407482879904 0 0 1 0 0 0 0 0 0 0 1786 12
1800 0.0433222222222222 0 0 1 0 0 0 0 0 0 0 1785 14
1801 0.044400035639402 0 0 1 0 0 0 0 0 0 0 1784 16
1802 0.0454741987260424 0 0 1 0 0 0 0 0 0 0 1783 18
1803 0.0465447216369833 0 0 1 0 0 0 0 0 0 0 1782 20
1804 0.047611614495504 0 0 1 0 0 0 0 0 0 0 1781 22
1805 0.0486748873934362 0 0 1 0 0 0 0 0 0 0 1780 24
1806 0.0497345503912762 0 0 1 0 0 0 0 0 0 0 1779 26
1807 0.0507906135182953 0 0 1 0 0 0 0 0 0 0 1778 28
1808 0.0518430867726526 0 0 1 0 0 0 0 0 0 0 1777 30
1809 0.0528919801215042 0 0 1 0 0 0 0 0 0 0 1776 32
1810 0.0539373035011141 0 0 1 0 0 0 0 0 0 0 1775 34
1811 0.054979066816964 0 0 1 0 0 0 0 0 0 0 1774 36
1812 0.0560172799438621 0 0 1 0 0 0 0 0 0 0 1773 38
1813 0.0570519527260523 0 0 1 0 0 0 0 0 0 0 1772 40
1814 0.0580830949773232 0 0 1 0 0 0 0 0 0 0 1771 42
1815 0.0591107164811148 0 0 1 0 0 0 0 0 0 0 1770 44
1816 0.0601348269906268 0 0 1 0 0 0 0 0 0 0 1769 46
1817 0.0611554362289259 0 0 1 0 0 0 0 0 0 0 1768 48
1818 0.0621725538890524 0 0 1 0 0 0 0 0 0 0 1767 50
1819 0.0631861896341258 0 0 1 0 0 0 0 0 0 0 1766 52
1820 0.0640970293442821 0 0 0 1 1 1 0 0 0 7 1810 0
1821 0.06352756193304 0 0 0 1 1 1 0 0 0 6 1812 0
1822 0.0629581008312839 0 0 0 1 1 1 0 0 0 5 1814 0
1823 0.0623886470463803 0 0 0 1 1 1 0 0 0 4 1816 0
1824 0.0618192015812558 0 0 0 1 1 1 0 0 0 3 1818 0
1825 0.0612497654344155 0 0 0 1 1 1 0 0 0 2 1820 0
1826 0.0606803395999611 0 0 0 1 1 1 0 0 0 1 1822 0
1827 0.0601109250676093 0 0 0 1 1 1 0 0 0 0 1824 0
1828 0.0611925362343126 0 0 0 1 1 1 0 0 0 0 1823 2
1829 0.0618018253393403 0 0 0 1 1 0 0 0 0 29 1798 0
1830 0.0612466780136761 0 0 0 1 1 0 0 0 0 28 1800 0
1831 0.0606915131447273 0 0 0 1 1 0 0 0 0 27 1802 0
1832 0.060136331782384 0 0 0 1 1 0 0 0 0 26 1804 0
1833 0.0595811349720184 0 0 0 1 1 0 0 0 0 25 1806 0
1834 0.0590259237545027 0 0 0 1 1 0 0 0 0 24 1808 0
1835 0.0584706991662274 0 0 0 1 1 0 0 0 0 23 1810 0
1836 0.0579154622391198 0 0 0 1 1 0 0 0 0 22 1812 0
1837 0.057360214000662 0 0 0 1 1 0 0 0 0 21 1814 0
1838 0.0568049554739089 0 0 0 1 1 0 0 0 0 20 1816 0
1839 0.0562496876775064 0 0 0 1 1 0 0 0 0 19 1818 0
1840 0.0556944116257089 0 0 0 1 1 0 0 0 0 18 1820 0
1841 0.0551391283283977 0 0 0 1 1 0 0 0 0 17 1822 0
1842 0.0545838387910983 0 0 0 1 1 0 0 0 0 16 1824 0
1843 0.0540285440149983 0 0 0 1 1 0 0 0 0 15 1826 0
1844 0.053473244996965 0 0 0 1 1 0 0 0 0 14 1828 0
1845 0.0529179427295628 0 0 0 1 1 0 0 0 0 13 1830 0
1846 0.0523626382010707 0 0 0 1 1 0 0 0 0 12 1832 0
1847 0.0518073323954999 0 0 0 1 1 0 0 0 0 11 1834 0
1848 0.0512520262926107 0 0 0 1 1 0 0 0 0 10 1836 0
1849 0.05069672086793 0 0 0 1 1 0 0 0 0 9 1838 0
1850 0.0501414170927684 0 0 0 1 1 0 0 0 0 8 1840 0
1851 0.0495861159342374 0 0 0 1 1 0 0 0 0 7 1842 0
1852 0.0490308183552659 0 0 0 1 1 0 0 0 0 6 1844 0
1853 0.0484755253146179 0 0 0 1 1 0 0 0 0 5 1846 0
1854 0.0479202377669088 0 0 0 1 1 0 0 0 0 4 1848 0
1855 0.0473649566626223 0 0 0 1 1 0 0 0 0 3 1850 0
1856 0.0468096829481272 0 0 0 1 1 0 0 0 0 2 1852 0
1857 0.046254417565694 0 0 0 1 1 0 0 0 0 1 1854 0
1858 0.0456991614535115 0 0 0 1 1 0 0 0 0 0 1856 0
1859 0.0467643417119976 0 0 0 1 1 0 0 0 0 0 1855 2
1860 0.047826049254249 0 0 0 1 1 0 0 0 0 0 1854 4
1861 0.0488842934281863 0 0 0 1 1 0 0 0 0 0 1853 6
1862 0.0499390835535978 0 0 0 1 1 0 0 0 0 0 1852 8
1863 0.050990428922236 0 0 0 1 1 0 0 0 0 0 1851 10
1864 0.0520383387979149 0 0 0 1 1 0 0 0 0 0 1850 12
1865 0.0526895183606581 0 0 0 1 0 1 0 0 0 25 1838 0
1866 0.0521465521103656 0 0 0 1 0 1 0 0 0 24 1840 0
1867 0.0516035710586917 0 0 0 1 0 1 0 0 0 23 1842 0
1868 0.0510605761867861 0 0 0 1 0 1 0 0 0 22 1844 0
1869 0.0505175684716508 0 0 0 1 0 1 0 0 0 21 1846 0
1870 0.0499745488861563 0 0 0 1 0 1 0 0 0 20 1848 0
1871 0.0494315183990589 0 0 0 1 0 1 0 0 0 19 1850 0
1872 0.0488884779750164 0 0 0 1 0 1 0 0 0 18 1852 0
1873 0.0483454285746049 0 0 0 1 0 1 0 0 0 17 1854 0
1874 0.0478023711543346 0 0 0 1 0 1 0 0 0 16 1856 0
1875 0.0472593066666667 0 0 0 1 0 1 0 0 0 15 1858 0
1876 0.0467162360600288 0 0 0 1 0 1 0 0 0 14 1860 0
1877 0.0461731602788317 0 0 0 1 0 1 0 0 0 13 1862 0
1878 0.0456300802634847 0 0 0 1 0 1 0 0 0 12 1864 0
1879 0.0450869969504121 0 0 0 1 0 1 0 0 0 11 1866 0
1880 0.0445439112720688 0 0 0 1 0 1 0 0 0 10 1868 0
1881 0.0440008241569561 0 0 0 1 0 1 0 0 0 9 1870 0
1882 0.0434577365296376 0 0 0 1 0 1 0 0 0 8 1872 0
1883 0.0429146493107546 0 0 0 1 0 1 0 0 0 7 1874 0
1884 0.0423715634170419 0 0 0 1 0 1 0 0 0 6 1876 0
1885 0.0418284797613436 0 0 0 1 0 1 0 0 0 5 1878 0
1886 0.0412853992526278 0 0 0 1 0 1 0 0 0 4 1880 0
1887 0.0407423227960028 0 0 0 1 0 1 0 0 0 3 1882 0
1888 0.040199251292732 0 0 0 1 0 1 0 0 0 2 1884 0
1889 0.0396561856402493 0 0 0 1 0 1 0 0 0 1 1886 0
1890 0.0391131267321744 0 0 0 1 0 1 0 0 0 0 1888 0
1891 0.0401624103262945 0 0 0 1 0 1 0 0 0 0 1887 2
1892 0.0408641704919791 0 0 0 1 0 0 0 0 0 29 1862 0
1893 0.0403343259524553 0 0 0 1 0 0 0 0 0 28 1864 0
1894 0.0398044622656552 0 0 0 1 0 0 0 0 0 27 1866 0
1895 0.0392745803774688 0 0 0 1 0 0 0 0 0 26 1868 0
1896 0.0387446812298599 0 0 0 1 0 0 0 0 0 25 1870 0
1897 0.0382147657608815 0 0 0 1 0 0 0 0 0 24 1872 0
1898 0.0376848349046914 0 0 0 1 0 0 0 0 0 23 1874 0
1899 0.0371548895915674 0 0 0 1 0 0 0 0 0 22 1876 0
1900 0.0366249307479224 0 0 0 1 0 0 0 0 0 21 1878 0
1901 0.0360949592963199 0 0 0 1 0 0 0 0 0 20 1880 0
1902 0.0355649761554886 0 0 0 1 0 0 0 0 0 19 1882 0
1903 0.0350349822403379 0 0 0 1 0 0 0 0 0 18 1884 0
1904 0.034504978461973 0 0 0 1 0 0 0 0 0 17 1886 0
1905 0.0339749657277092 0 0 0 1 0 0 0 0 0 16 1888 0
1906 0.0334449449410874 0 0 0 1 0 0 0 0 0 15 1890 0
1907 0.0329149170018883 0 0 0 1 0 0 0 0 0 14 1892 0
1908 0.0323848828061478 0 0 0 1 0 0 0 0 0 13 1894 0
1909 0.0318548432461712 0 0 0 1 0 0 0 0 0 12 1896 0
1910 0.031324799210548 0 0 0 1 0 0 0 0 0 11 1898 0
1911 0.0307947515841663 0 0 0 1 0 0 0 0 0 10 1900 0
1912 0.0302647012482274 0 0 0 1 0 0 0 0 0 9 1902 0
1913 0.0297346490802605 0 0 0 1 0 0 0 0 0 8 1904 0
1914 0.0292045959541365 0 0 0 1 0 0 0 0 0 7 1906 0
1915 0.0286745427400828 0 0 0 1 0 0 0 0 0 6 1908 0
1916 0.0281444903046971 0 0 0 1 0 0 0 0 0 5 1910 0
1917 0.0276144395109621 0 0 0 1 0 0 0 0 0 4 1912 0
1918 0.0270843912182594 0 0 0 1 0 0 0 0 0 3 1914 0
1919 0.0265543462823834 0 0 0 1 0 0 0 0 0 2 1916 0
1920 0.0260243055555556 0 0 0 1 0 0 0 0 0 1 1918 0
1921 0.0254942698864383 0 0 0 1 0 0 0 0 0 0 1920 0
1922 0.0265280919437674 0 0 0 1 0 0 0 0 0 0 1919 2
1923 0.027558668649398 0 0 0 1 0 0 0 0 0 0 1918 4
1924 0.0285860084456759 0 0 0 1 0 0 0 0 0 0 1917 6
1925 0.0296101197503794 0 0 0 1 0 0 0 0 0 0 1916 8
1926 0.0306310109568035 0 0 0 1 0 0 0 0 0 0 1915 10
1927 0.0316486904338399 0 0 0 1 0 0 0 0 0 0 1914 12
1928 0.0326631665260584 0 0 0 1 0 0 0 0 0 0 1913 14
1929 0.0336744475537893 0 0 0 1 0 0 0 0 0 0 1912 16
1930 0.0346825418132031 0 0 0 1 0 0 0 0 0 0 1911 18
1931 0.0356874575763907 0 0 0 1 0 0 0 0 0 0 1910 20
1932 0.0366892030914445 0 0 0 1 0 0 0 0 0 0 1909 22
1933 0.0376877865825379 0 0 0 1 0 0 0 0 0 0 1908 24
1934 0.038683216250004 0 0 0 1 0 0 0 0 0 0 1907 26
1935 0.0396755002704166 0 0 0 1 0 0 0 0 0 0 1906 28
1936 0.0405814045317943 0 0 0 0 1 1 0 0 0 18 1916 0
1937 0.0400594994255016 0 0 0 0 1 1 0 0 0 17 1918 0
1938 0.0395375846281155 0 0 0 0 1 1 0 0 0 16 1920 0
1939 0.0390156610025052 0 0 0 0 1 1 0 0 0 15 1922 0
1940 0.0384937294080136 0 0 0 0 1 1 0 0 0 14 1924 0
1941 0.0379717907004707 0 0 0 0 1 1 0 0 0 13 1926 0
1942 0.0374498457322072 0 0 0 0 1 1 0 0 0 12 1928 0
1943 0.0369278953520682 0 0 0 0 1 1 0 0 0 11 1930 0
1944 0.036405940405426 0 0 0 0 1 1 0 0 0 10 1932 0
1945 0.0358839817341942 0 0 0 0 1 1 0 0 0 9 1934 0
1946 0.0353620201768405 0 0 0 0 1 1 0 0 0 8 1936 0
1947 0.0348400565684 0 0 0 0 1 1 0 0 0 7 1938 0
1948 0.0343180917404889 0 0 0 0 1 1 0 0 0 6 1940 0
1949 0.0337961265213167 0 0 0 0 1 1 0 0 0 5 1942 0
1950 0.0332741617357002 0 0 0 0 1 1 0 0 0 4 1944 0
1951 0.0327521982050761 0 0 0 0 1 1 0 0 0 3 1946 0
1952 0.0322302367475141 0 0 0 0 1 1 0 0 0 2 1948 0
1953 0.0317082781777296 0 0 0 0 1 1 0 0 0 1 1950 0
1954 0.031186323307097 0 0 0 0 1 1 0 0 0 0 1952 0
1955 0.032203870984622 0 0 0 0 1 1 0 0 0 0 1951 2
1956 0.0329109007573571 0 0 0 0 1 0 0 0 0 29 1926 0
1957 0.0324012774393977 0 0 0 0 1 0 0 0 0 28 1928 0
1958 0.0318916344355052 0 0 0 0 1 0 0 0 0 27 1930 0
1959 0.0313819726027254 0 0 0 0 1 0 0 0 0 26 1932 0
1960 0.0308722927946689 0 0 0 0 1 0 0 0 0 25 1934 0
1961 0.0303625958615231 0 0 0 0 1 0 0 0 0 24 1936 0
1962 0.0298528826500658 0 0 0 0 1 0 0 0 0 23 1938 0
1963 0.0293431540036783 0 0 0 0 1 0 0 0 0 22 1940 0
1964 0.0288334107623579 0 0 0 0 1 0 0 0 0 21 1942 0
1965 0.0283236537627307 0 0 0 0 1 0 0 0 0 20 1944 0
1966 0.027813883838065 0 0 0 0 1 0 0 0 0 19 1946 0
1967 0.0273041018182833 0 0 0 0 1 0 0 0 0 18 1948 0
1968 0.0267943085299755 0 0 0 0 1 0 0 0 0 17 1950 0
1969 0.0262845047964114 0 0 0 0 1 0 0 0 0 16 1952 0
1970 0.0257746914375531 0 0 0 0 1 0 0 0 0 15 1954 0
1971 0.0252648692700679 0 0 0 0 1 0 0 0 0 14 1956 0
1972 0.0247550391073405 0 0 0 0 1 0 0 0 0 13 1958 0
1973 0.0242452017594854 0 0 0 0 1 0 0 0 0 12 1960 0
1974 0.0237353580333597 0 0 0 0 1 0 0 0 0 11 1962 0
1975 0.0232255087325749 0 0 0 0 1 0 0 0 0 10 1964 0
1976 0.0227156546575095 0 0 0 0 1 0 0 0 0 9 1966 0
1977 0.0222057966053213 0 0 0 0 1 0 0 0 0 8 1968 0
1978 0.0216959353699593 0 0 0 0 1 0 0 0 0 7 1970 0
1979 0.0211860717421761 0 0 0 0 1 0 0 0 0 6 1972 0
1980 0.0206762065095398 0 0 0 0 1 0 0 0 0 5 1974 0
1981 0.0201663404564463 0 0 0 0 1 0 0 0 0 4 1976 0
1982 0.0196564743641309 0 0 0 0 1 0 0 0 0 3 1978 0
1983 0.0191466090106805 0 0 0 0 1 0 0 0 0 2 1980 0
1984 0.0186367451710458 0 0 0 0 1 0 0 0 0 1 1982 0
1985 0.0181268836170523 0 0 0 0 1 0 0 0 0 0 1984 0
1986 0.019129880969404 0 0 0 0 1 0 0 0 0 0 1983 2
1987 0.0201298374005772 0 0 0 0 1 0 0 0 0 0 1982 4
1988 0.0211267605633803 0 0 0 0 1 0 0 0 0 0 1981 6
1989 0.0221206580890725 0 0 0 0 1 0 0 0 0 0 1980 8
1990 0.0231115375874347 0 0 0 0 1 0 0 0 0 0 1979 10
1991 0.0240994066468369 0 0 0 0 1 0 0 0 0 0 1978 12
1992 0.0248735907485363 0 0 0 0 0 1 0 0 0 25 1966 0
1993 0.0243743216662232 0 0 0 0 0 1 0 0 0 24 1968 0
1994 0.0238750353367022 0 0 0 0 0 1 0 0 0 23 1970 0
1995 0.0233757325644939 0 0 0 0 0 1 0 0 0 22 1972 0
1996 0.0228764141509472 0 0 0 0 0 1 0 0 0 21 1974 0
1997 0.0223770808942507 0 0 0 0 0 1 0 0 0 20 1976 0
1998 0.0218777335894453 0 0 0 0 0 1 0 0 0 19 1978 0
1999 0.0213783730284352 0 0 0 0 0 1 0 0 0 18 1980 0
2000 0.020879 0 0 0 0 0 1 0 0 0 17 1982 0
2001 0.0203796152898064 0 0 0 0 0 1 0 0 0 16 1984 0
2002 0.0198802196804195 0 0 0 0 0 1 0 0 0 15 1986 0
2003 0.0193808139513147 0 0 0 0 0 1 0 0 0 14 1988 0
2004 0.0188813988788889 0 0 0 0 0 1 0 0 0 13 1990 0
2005 0.0183819752364724 0 0 0 0 0 1 0 0 0 12 1992 0
2006 0.0178825437943398 0 0 0 0 0 1 0 0 0 11 1994 0
2007 0.0173831053197218 0 0 0 0 0 1 0 0 0 10 1996 0
2008 0.0168836605768162 0 0 0 0 0 1 0 0 0 9 1998 0
2009 0.0163842103267997 0 0 0 0 0 1 0 0 0 8 2000 0
2010 0.0158847553278384 0 0 0 0 0 1 0 0 0 7 2002 0
2011 0.0153852963350998 0 0 0 0 0 1 0 0 0 6 2004 0
2012 0.0148858341007632 0 0 0 0 0 1 0 0 0 5 2006 0
2013 0.0143863693740315 0 0 0 0 0 1 0 0 0 4 2008 0
2014 0.0138869029011419 0 0 0 0 0 1 0 0 0 3 2010 0
2015 0.0133874354253767 0 0 0 0 0 1 0 0 0 2 2012 0
2016 0.0128879676870748 0 0 0 0 0 1 0 0 0 1 2014 0
2017 0.0123885004236425 0 0 0 0 0 1 0 0 0 0 2016 0
2018 0.0133773737060214 0 0 0 0 0 1 0 0 0 0 2015 2
2019 0.0141572348474534 0 0 0 0 0 0 0 0 0 29 1990 0
2020 0.0136692481129301 0 0 0 0 0 0 0 0 0 28 1992 0
2021 0.0131812407132335 0 0 0 0 0 0 0 0 0 27 1994 0
2022 0.0126932134258077 0 0 0 0 0 0 0 0 0 26 1996 0
2023 0.012205167025084 0 0 0 0 0 0 0 0 0 25 1998 0
2024 0.0117171022824915 0 0 0 0 0 0 0 0 0 24 2000 0
2025 0.0112290199664685 0 0 0 0 0 0 0 0 0 23 2002 0
2026 0.0107409208424733 0 0 0 0 0 0 0 0 0 22 2004 0
2027 0.0102528056729952 0 0 0 0 0 0 0 0 0 21 2006 0
2028 0.00976467521756552 0 0 0 0 0 0 0 0 0 20 2008 0
2029 0.00927653023276828 0 0 0 0 0 0 0 0 0 19 2010 0
2030 0.00878837147225121 0 0 0 0 0 0 0 0 0 18 2012 0
2031 0.00830019968673643 0 0 0 0 0 0 0 0 0 17 2014 0
2032 0.00781201562403125 0 0 0 0 0 0 0 0 0 16 2016 0
2033 0.00732382002903881 0 0 0 0 0 0 0 0 0 15 2018 0
2034 0.00683561364376881 0 0 0 0 0 0 0 0 0 14 2020 0
2035 0.00634739720734807 0 0 0 0 0 0 0 0 0 13 2022 0
2036 0.00585917145603113 0 0 0 0 0 0 0 0 0 12 2024 0
2037 0.00537093712321078 0 0 0 0 0 0 0 0 0 11 2026 0
2038 0.00488269493942858 0 0 0 0 0 0 0 0 0 10 2028 0
2039 0.00439444563238526 0 0 0 0 0 0 0 0 0 9 2030 0
2040 0.00390618992695117 0 0 0 0 0 0 0 0 0 8 2032 0
2041 0.00341792854517665 0 0 0 0 0 0 0 0 0 7 2034 0
2042 0.00292966220630232 0 0 0 0 0 0 0 0 0 6 2036 0
2043 0.00244139162676944 0 0 0 0 0 0 0 0 0 5 2038 0
2044 0.00195311752023008 0 0 0 0 0 0 0 0 0 4 2040 0
2045 0.0014648405975574 0 0 0 0 0 0 0 0 0 3 2042 0
2046 0.000976561566855768 0 0 0 0 0 0 0 0 0 2 2044 0
2047 0.000488281133470908 0 0 0 0 0 0 0 0 0 1 2046 0
