"n" "Min_V" "d1" "d2" "d3" "d4" "d5" "d6" "d7" "d8" "d9" "d10"
256 0 0 0 0 0 0 0 0 256 0 0
257 0.00772154006873685 0 0 0 0 0 0 0 255 2 0
258 0.0152635057989304 0 0 0 0 0 0 0 254 4 0
259 0.0226293585366944 0 0 0 0 0 0 0 253 6 0
260 0.0298224852071006 0 0 0 0 0 0 0 252 8 0
261 0.0368462001438617 0 0 0 0 0 0 0 251 10 0
262 0.0437037468678981 0 0 0 0 0 0 0 250 12 0
263 0.0503982998163917 0 0 0 0 0 0 0 249 14 0
264 0.0569329660238751 0 0 0 0 0 0 0 248 16 0
265 0.063310786756853 0 0 0 0 0 0 0 247 18 0
266 0.0695347391033976 0 0 0 0 0 0 0 246 20 0
267 0.0756077375191123 0 0 0 0 0 0 0 245 22 0
268 0.0815326353308086 0 0 0 0 0 0 0 244 24 0
269 0.0873122261991957 0 0 0 0 0 0 0 243 26 0
270 0.0929492455418381 0 0 0 0 0 0 0 242 28 0
271 0.0984463719175937 0 0 0 0 0 0 0 241 30 0
272 0.103806228373702 0 0 0 0 0 0 0 240 32 0
273 0.109031383756658 0 0 0 0 0 0 0 239 34 0
274 0.114124353987959 0 0 0 0 0 0 0 238 36 0
275 0.119087603305785 0 0 0 0 0 0 0 237 38 0
276 0.12392354547364 0 0 0 0 0 0 0 236 40 0
277 0.128634544956926 0 0 0 0 0 0 0 235 42 0
278 0.133222918068423 0 0 0 0 0 0 0 234 44 0
279 0.137690934083581 0 0 0 0 0 0 0 233 46 0
280 0.142040816326531 0 0 0 0 0 0 0 232 48 0
281 0.146274743227669 0 0 0 0 0 0 0 231 50 0
282 0.150394849353654 0 0 0 0 0 0 0 230 52 0
283 0.154403226410618 0 0 0 0 0 0 0 229 54 0
284 0.158301924221385 0 0 0 0 0 0 0 228 56 0
285 0.162092951677439 0 0 0 0 0 0 0 227 58 0
286 0.16577827766639 0 0 0 0 0 0 0 226 60 0
287 0.169359831975622 0 0 0 0 0 0 0 225 62 0
288 0.172839506172839 0 0 0 0 0 0 0 224 64 0
289 0.176219154464147 0 0 0 0 0 0 0 223 66 0
290 0.179500594530321 0 0 0 0 0 0 0 222 68 0
291 0.182685608341895 0 0 0 0 0 0 0 221 70 0
292 0.18577594295365 0 0 0 0 0 0 0 220 72 0
293 0.188773311279106 0 0 0 0 0 0 0 219 74 0
294 0.191679392845574 0 0 0 0 0 0 0 218 76 0
295 0.194495834530307 0 0 0 0 0 0 0 217 78 0
296 0.197224251278305 0 0 0 0 0 0 0 216 80 0
297 0.199866226802254 0 0 0 0 0 0 0 215 82 0
298 0.202423314265123 0 0 0 0 0 0 0 214 84 0
299 0.204897036945895 0 0 0 0 0 0 0 213 86 0
300 0.207288888888889 0 0 0 0 0 0 0 212 88 0
301 0.209600335537135 0 0 0 0 0 0 0 211 90 0
302 0.211832814350248 0 0 0 0 0 0 0 210 92 0
303 0.213987735407204 0 0 0 0 0 0 0 209 94 0
304 0.21606648199446 0 0 0 0 0 0 0 208 96 0
305 0.21807041117979 0 0 0 0 0 0 0 207 98 0
306 0.22000085437225 0 0 0 0 0 0 0 206 100 0
307 0.221859117868625 0 0 0 0 0 0 0 205 102 0
308 0.223646483386743 0 0 0 0 0 0 0 204 104 0
309 0.225364208586001 0 0 0 0 0 0 0 203 106 0
310 0.227013527575442 0 0 0 0 0 0 0 202 108 0
311 0.228595651409725 0 0 0 0 0 0 0 201 110 0
312 0.230111768573307 0 0 0 0 0 0 0 200 112 0
313 0.231563045453154 0 0 0 0 0 0 0 199 114 0
314 0.232950626800276 0 0 0 0 0 0 0 198 116 0
315 0.234275636180398 0 0 0 0 0 0 0 197 118 0
316 0.235539176414036 0 0 0 0 0 0 0 196 120 0
317 0.236742330006269 0 0 0 0 0 0 0 195 122 0
318 0.237886159566473 0 0 0 0 0 0 0 194 124 0
319 0.238971708218276 0 0 0 0 0 0 0 193 126 0
320 0.24 0 0 0 0 0 0 0 192 128 0
321 0.240972040255821 0 0 0 0 0 0 0 191 130 0
322 0.241888816017901 0 0 0 0 0 0 0 190 132 0
323 0.242751296379722 0 0 0 0 0 0 0 189 134 0
324 0.243560432860844 0 0 0 0 0 0 0 188 136 0
325 0.244317159763314 0 0 0 0 0 0 0 187 138 0
326 0.245022394519929 0 0 0 0 0 0 0 186 140 0
327 0.245677038034584 0 0 0 0 0 0 0 185 142 0
328 0.246281975014872 0 0 0 0 0 0 0 184 144 0
329 0.24683807429717 0 0 0 0 0 0 0 183 146 0
330 0.247346189164371 0 0 0 0 0 0 0 182 148 0
331 0.247807157656465 0 0 0 0 0 0 0 181 150 0
332 0.248221802874147 0 0 0 0 0 0 0 180 152 0
333 0.248590933275618 0 0 0 0 0 0 0 179 154 0
334 0.248915342966761 0 0 0 0 0 0 0 178 156 0
335 0.249195811984852 0 0 0 0 0 0 0 177 158 0
336 0.249433106575964 0 0 0 0 0 0 0 176 160 0
337 0.249627979466228 0 0 0 0 0 0 0 175 162 0
338 0.249781170127096 0 0 0 0 0 0 0 174 164 0
339 0.249893405034763 0 0 0 0 0 0 0 173 166 0
340 0.249965397923875 0 0 0 0 0 0 0 172 168 0
341 0.249757054032903 0 1 0 1 0 0 0 13 326 0
342 0.246537396121884 0 1 0 1 0 0 0 12 328 0
343 0.243316985269743 0 1 0 1 0 0 0 11 330 0
344 0.240095997836668 0 1 0 1 0 0 0 10 332 0
345 0.236874606175173 0 1 0 1 0 0 0 9 334 0
346 0.233652978716295 0 1 0 1 0 0 0 8 336 0
347 0.230431280053817 0 1 0 1 0 0 0 7 338 0
348 0.227209671026556 0 1 0 1 0 0 0 6 340 0
349 0.223988308798778 0 1 0 1 0 0 0 5 342 0
350 0.220767346938776 0 1 0 1 0 0 0 4 344 0
351 0.217546935495653 0 1 0 1 0 0 0 3 346 0
352 0.21432722107438 0 1 0 1 0 0 0 2 348 0
353 0.211108346909132 0 1 0 1 0 0 0 1 350 0
354 0.20789045293498 0 1 0 1 0 0 0 0 352 0
355 0.211672287244594 0 1 0 0 0 0 0 30 324 0
356 0.208875142027522 0 1 0 0 0 0 0 29 326 0
357 0.206074586697424 0 1 0 0 0 0 0 28 328 0
358 0.203270809275616 0 1 0 0 0 0 0 27 330 0
359 0.200463993916869 0 1 0 0 0 0 0 26 332 0
360 0.197654320987654 0 1 0 0 0 0 0 25 334 0
361 0.194841967142671 0 1 0 0 0 0 0 24 336 0
362 0.192027105399713 0 1 0 0 0 0 0 23 338 0
363 0.18920990521291 0 1 0 0 0 0 0 22 340 0
364 0.186390532544379 0 1 0 0 0 0 0 21 342 0
365 0.183569149934322 0 1 0 0 0 0 0 20 344 0
366 0.18074591656962 0 1 0 0 0 0 0 19 346 0
367 0.177920988350942 0 1 0 0 0 0 0 18 348 0
368 0.175094517958412 0 1 0 0 0 0 0 17 350 0
369 0.172266654915872 0 1 0 0 0 0 0 16 352 0
370 0.169437545653762 0 1 0 0 0 0 0 15 354 0
371 0.166607333570666 0 1 0 0 0 0 0 14 356 0
372 0.163776159093537 0 1 0 0 0 0 0 13 358 0
373 0.160944159736647 0 1 0 0 0 0 0 12 360 0
374 0.158111470159284 0 1 0 0 0 0 0 11 362 0
375 0.155278222222222 0 1 0 0 0 0 0 10 364 0
376 0.152444545043006 0 1 0 0 0 0 0 9 366 0
377 0.14961056505006 0 1 0 0 0 0 0 8 368 0
378 0.146776406035665 0 1 0 0 0 0 0 7 370 0
379 0.143942189207817 0 1 0 0 0 0 0 6 372 0
380 0.141108033240997 0 1 0 0 0 0 0 5 374 0
381 0.138274054325886 0 1 0 0 0 0 0 4 376 0
382 0.135440366218031 0 1 0 0 0 0 0 3 378 0
383 0.132607080285502 0 1 0 0 0 0 0 2 380 0
384 0.129774305555556 0 1 0 0 0 0 0 1 382 0
385 0.126942148760331 0 1 0 0 0 0 0 0 384 0
386 0.131956562592284 0 1 0 0 0 0 0 0 383 2
387 0.136890811850249 0 1 0 0 0 0 0 0 382 4
388 0.141745934743331 0 1 0 0 0 0 0 0 381 6
389 0.146522954513914 0 1 0 0 0 0 0 0 380 8
390 0.151222879684418 0 1 0 0 0 0 0 0 379 10
391 0.155846704299422 0 1 0 0 0 0 0 0 378 12
392 0.160395408163265 0 1 0 0 0 0 0 0 377 14
393 0.164869957073209 0 1 0 0 0 0 0 0 376 16
394 0.169271303048262 0 1 0 0 0 0 0 0 375 18
395 0.173600384553757 0 1 0 0 0 0 0 0 374 20
396 0.177858126721763 0 1 0 0 0 0 0 0 373 22
397 0.182045441567423 0 1 0 0 0 0 0 0 372 24
398 0.186163228201308 0 1 0 0 0 0 0 0 371 26
399 0.190212373037858 0 1 0 0 0 0 0 0 370 28
400 0.19224375 0 0 1 1 0 0 0 18 380 0
401 0.189638124141019 0 0 1 1 0 0 0 17 382 0
402 0.187031261602436 0 0 1 1 0 0 0 16 384 0
403 0.18442327703514 0 0 1 1 0 0 0 15 386 0
404 0.18181428291344 0 0 1 1 0 0 0 14 388 0
405 0.17920438957476 0 0 1 1 0 0 0 13 390 0
406 0.17659370525856 0 0 1 1 0 0 0 12 392 0
407 0.173982336144498 0 0 1 1 0 0 0 11 394 0
408 0.17137038638985 0 0 1 1 0 0 0 10 396 0
409 0.168757958166199 0 0 1 1 0 0 0 9 398 0
410 0.166145151695419 0 0 1 1 0 0 0 8 400 0
411 0.163532065284956 0 0 1 1 0 0 0 7 402 0
412 0.160918795362428 0 0 1 1 0 0 0 6 404 0
413 0.158305436509565 0 0 1 1 0 0 0 5 406 0
414 0.155692081495484 0 0 1 1 0 0 0 4 408 0
415 0.153078821309334 0 0 1 1 0 0 0 3 410 0
416 0.150465745192308 0 0 1 1 0 0 0 2 412 0
417 0.147852940669048 0 0 1 1 0 0 0 1 414 0
418 0.145240493578444 0 0 1 1 0 0 0 0 416 0
419 0.149896617130228 0 0 1 1 0 0 0 0 415 2
420 0.14781746031746 0 0 1 0 0 0 0 29 390 0
421 0.14549680942897 0 0 1 0 0 0 0 28 392 0
422 0.143174007771613 0 0 1 0 0 0 0 27 394 0
423 0.140849163634738 0 0 1 0 0 0 0 26 396 0
424 0.138522383410466 0 0 1 0 0 0 0 25 398 0
425 0.136193771626298 0 0 1 0 0 0 0 24 400 0
426 0.133863430977099 0 0 1 0 0 0 0 23 402 0
427 0.131531462356509 0 0 1 0 0 0 0 22 404 0
428 0.129197964887763 0 0 1 0 0 0 0 21 406 0
429 0.126863035953945 0 0 1 0 0 0 0 20 408 0
430 0.124526771227691 0 0 1 0 0 0 0 19 410 0
431 0.122189264700341 0 0 1 0 0 0 0 18 412 0
432 0.119850608710562 0 0 1 0 0 0 0 17 414 0
433 0.117510893972446 0 0 1 0 0 0 0 16 416 0
434 0.115170209603092 0 0 1 0 0 0 0 15 418 0
435 0.11282864314969 0 0 1 0 0 0 0 14 420 0
436 0.11048628061611 0 0 1 0 0 0 0 13 422 0
437 0.108143206489011 0 0 1 0 0 0 0 12 424 0
438 0.105799503763474 0 0 1 0 0 0 0 11 426 0
439 0.103455253968172 0 0 1 0 0 0 0 10 428 0
440 0.101110537190083 0 0 1 0 0 0 0 9 430 0
441 0.0987654320987654 0 0 1 0 0 0 0 8 432 0
442 0.096420015970189 0 0 1 0 0 0 0 7 434 0
443 0.0940743647101386 0 0 1 0 0 0 0 6 436 0
444 0.0917285528772015 0 0 1 0 0 0 0 5 438 0
445 0.0893826537053402 0 0 1 0 0 0 0 4 440 0
446 0.0870367391260633 0 0 1 0 0 0 0 3 442 0
447 0.0846908797901997 0 0 1 0 0 0 0 2 444 0
448 0.0823451450892857 0 0 1 0 0 0 0 1 446 0
449 0.0799996031765716 0 0 1 0 0 0 0 0 448 0
450 0.0843654320987655 0 0 1 0 0 0 0 0 447 2
451 0.0886721304221711 0 0 1 0 0 0 0 0 446 4
452 0.0929203539823009 0 0 1 0 0 0 0 0 445 6
453 0.0971107505031455 0 0 1 0 0 0 0 0 444 8
454 0.101243959712007 0 0 1 0 0 0 0 0 443 10
455 0.105320613452482 0 0 1 0 0 0 0 0 442 12
456 0.105320867959372 0 0 0 1 0 0 0 25 430 0
457 0.103194173781057 0 0 0 1 0 0 0 24 432 0
458 0.101065959840583 0 0 0 1 0 0 0 23 434 0
459 0.0989363065487633 0 0 0 1 0 0 0 22 436 0
460 0.0968052930056711 0 0 0 1 0 0 0 21 438 0
461 0.0946729970214708 0 0 0 1 0 0 0 20 440 0
462 0.0925394951368977 0 0 0 1 0 0 0 19 442 0
463 0.0904048626433859 0 0 0 1 0 0 0 18 444 0
464 0.0882691736028537 0 0 0 1 0 0 0 17 446 0
465 0.0861325008671523 0 0 0 1 0 0 0 16 448 0
466 0.0839949160971836 0 0 0 1 0 0 0 15 450 0
467 0.0818564897816946 0 0 0 1 0 0 0 14 452 0
468 0.0797172912557528 0 0 0 1 0 0 0 13 454 0
469 0.0775773887189093 0 0 0 1 0 0 0 12 456 0
470 0.0754368492530557 0 0 0 1 0 0 0 11 458 0
471 0.07329573883998 0 0 0 1 0 0 0 10 460 0
472 0.0711541223786268 0 0 0 1 0 0 0 9 462 0
473 0.0690120637020681 0 0 0 1 0 0 0 8 464 0
474 0.066869625594189 0 0 0 1 0 0 0 7 466 0
475 0.0647268698060942 0 0 0 1 0 0 0 6 468 0
476 0.0625838570722407 0 0 0 1 0 0 0 5 470 0
477 0.0604406471263004 0 0 0 1 0 0 0 4 472 0
478 0.0582972987167592 0 0 0 1 0 0 0 3 474 0
479 0.0561538696222558 0 0 0 1 0 0 0 2 476 0
480 0.0540104166666667 0 0 0 1 0 0 0 1 478 0
481 0.0518669957339396 0 0 0 1 0 0 0 0 480 0
482 0.0559778585079458 0 0 0 1 0 0 0 0 479 2
483 0.056436437208784 0 0 0 0 0 0 0 29 454 0
484 0.0545044737381326 0 0 0 0 0 0 0 28 456 0
485 0.0525709427144224 0 0 0 0 0 0 0 27 458 0
486 0.0506359125472066 0 0 0 0 0 0 0 26 460 0
487 0.0486994506027348 0 0 0 0 0 0 0 25 462 0
488 0.0467616232195646 0 0 0 0 0 0 0 24 464 0
489 0.0448224957239222 0 0 0 0 0 0 0 23 466 0
490 0.0428821324448147 0 0 0 0 0 0 0 22 468 0
491 0.0409405967289002 0 0 0 0 0 0 0 21 470 0
492 0.0389979509551193 0 0 0 0 0 0 0 20 472 0
493 0.0370542565490909 0 0 0 0 0 0 0 19 474 0
494 0.0351095739972791 0 0 0 0 0 0 0 18 476 0
495 0.0331639628609326 0 0 0 0 0 0 0 17 478 0
496 0.0312174817898023 0 0 0 0 0 0 0 16 480 0
497 0.0292701885356404 0 0 0 0 0 0 0 15 482 0
498 0.0273221399654844 0 0 0 0 0 0 0 14 484 0
499 0.0253733920747306 0 0 0 0 0 0 0 13 486 0
500 0.023424 0 0 0 0 0 0 0 12 488 0
501 0.0214740180318007 0 0 0 0 0 0 0 11 490 0
502 0.01952349962699 0 0 0 0 0 0 0 10 492 0
503 0.0175724974210404 0 0 0 0 0 0 0 9 494 0
504 0.0156210632401109 0 0 0 0 0 0 0 8 496 0
505 0.0136692481129301 0 0 0 0 0 0 0 7 498 0
506 0.0117171022824915 0 0 0 0 0 0 0 6 500 0
507 0.00976467521756552 0 0 0 0 0 0 0 5 502 0
508 0.00781201562403125 0 0 0 0 0 0 0 4 504 0
509 0.00585917145603113 0 0 0 0 0 0 0 3 506 0
510 0.00390618992695117 0 0 0 0 0 0 0 2 508 0
511 0.00195311752023008 0 0 0 0 0 0 0 1 510 0
